? 3 0 224 552
? 3 224 278 306
? 3 0 219 552
? 3 392 407 630
? 3 392 407 770
? 3 35 133 437
? 3 35 437 715
? 3 100 288 643
? 3 100 334 550
? 3 23 32 550
? 3 23 32 550
? 3 8 685 773
? 3 188 507 571
? 3 188 507 571
? 3 2 465 632
? 3 256 560 562
? 3 256 371 560
? 3 77 197 228
? 3 77 228 745
? 3 29 676 745
? 3 59 202 693
? 3 77 197 228
? 3 77 338 377
? 3 29 676 762
? 3 645 762 772
? 3 380 434 481
? 3 1 27 480
? 3 45 493 549
? 3 14 45 254
? 3 14 45 254
? 3 14 45 254
? 3 162 276 758
? 3 162 165 758
? 3 168 225 422
? 3 168 225 422
? 3 225 327 542
? 3 129 241 510
? 3 129 241 510
? 3 3 192 450
? 3 3 192 559
? 3 192 213 473
? 3 33 155 274
? 3 155 274 409
? 3 255 502 526
? 3 33 155 348
? 3 313 435 561
? 3 155 348 737
? 3 255 526 535
? 3 381 526 535
? 3 4 97 633
? 3 198 303 521
? 3 169 198 521
? 3 4 97 706
? 3 208 706 728
? 3 342 382 602
? 3 382 602 751
? 3 4 453 763
? 3 453 657 782
? 3 417 490 547
? 3 417 490 547
? 3 5 71 468
? 3 5 307 468
? 3 191 397 446
? 3 152 156 397
? 3 152 156 397
? 3 152 408 558
? 3 152 252 558
? 3 145 673 725
? 3 145 673 725
? 3 252 474 740
? 3 725 759 783
? 3 6 359 436
? 3 291 359 689
? 3 6 436 748
? 3 42 229 780
? 3 18 229 400
? 3 263 747 774
? 3 18 42 229
? 3 263 747 774
? 3 80 84 364
? 3 80 84 768
? 3 76 148 515
? 3 43 587 679
? 3 76 148 515
? 3 76 148 515
? 3 9 10 449
? 3 136 456 567
? 3 136 350 456
? 3 43 259 314
? 3 43 314 679
? 3 11 318 520
? 3 11 118 520
? 3 11 265 318
? 3 236 391 467
? 3 236 391 467
? 3 391 501 594
? 3 83 340 439
? 3 83 340 647
? 3 83 340 647
? 3 12 215 401
? 3 125 261 634
? 3 125 261 556
? 3 30 427 664
? 3 30 427 664
? 3 30 427 727
? 3 85 589 637
? 3 108 143 281
? 3 108 143 281
? 3 15 411 671
? 3 107 671 690
? 3 352 690 777
? 3 189 523 588
? 3 248 462 729
? 3 189 523 588
? 3 523 606 694
? 3 189 553 588
? 3 396 553 590
? 3 243 418 753
? 3 200 233 464
? 3 200 233 464
? 3 243 418 464
? 3 243 498 734
? 3 269 443 692
? 3 52 326 635
? 3 52 326 635
? 3 17 405 534
? 3 212 529 534
? 3 321 389 479
? 3 321 389 529
? 3 220 534 619
? 3 17 405 472
? 3 405 695 708
? 3 25 75 232
? 3 173 271 320
? 3 173 271 320
? 3 173 347 610
? 3 25 75 232
? 3 69 319 478
? 3 69 319 478
? 3 24 157 330
? 3 182 240 330
? 3 81 146 378
? 3 81 358 421
? 3 81 358 421
? 3 119 234 582
? 3 146 378 508
? 3 19 141 217
? 3 19 141 217
? 3 40 103 214
? 3 40 103 300
? 3 300 372 398
? 3 40 117 214
? 3 141 297 374
? 3 21 284 795
? 3 28 283 629
? 3 28 283 629
? 3 28 629 642
? 3 563 642 791
? 3 139 284 538
? 3 90 575 710
? 3 20 279 485
? 3 113 227 476
? 3 113 227 476
? 3 227 295 476
? 3 98 116 166
? 3 98 116 166
? 3 78 98 497
? 3 22 250 518
? 3 22 250 655
? 3 154 356 429
? 3 48 475 545
? 3 154 356 429
? 3 324 356 576
? 3 324 356 576
? 3 31 235 658
? 3 86 349 525
? 3 86 349 744
? 3 349 525 744
? 3 375 420 744
? 3 420 579 701
? 3 26 87 483
? 3 164 174 677
? 3 57 164 353
? 3 57 164 677
? 3 267 483 668
? 3 433 668 779
? 3 34 289 775
? 3 34 289 775
? 3 34 130 289
? 3 130 616 620
? 3 110 384 652
? 3 110 384 652
? 3 79 266 586
? 3 153 266 586
? 3 44 163 618
? 3 44 163 683
? 3 39 415 460
? 3 96 264 514
? 3 38 309 712
? 3 201 419 442
? 3 201 419 442
? 3 96 264 514
? 3 124 207 519
? 3 124 207 432
? 3 37 223 451
? 3 37 451 499
? 3 132 516 792
? 3 41 56 754
? 3 47 56 754
? 3 175 210 328
? 3 175 210 328
? 3 210 426 528
? 3 46 345 370
? 3 62 345 615
? 3 46 242 370
? 3 92 477 672
? 3 46 242 767
? 3 301 445 454
? 3 489 530 703
? 3 489 530 703
? 3 305 454 797
? 3 49 304 425
? 3 557 568 731
? 3 311 601 784
? 3 557 568 731
? 3 53 290 554
? 3 323 471 600
? 3 111 554 611
? 3 94 323 471
? 3 50 179 424
? 3 262 341 752
? 3 185 341 752
? 3 179 393 789
? 3 51 457 504
? 3 51 385 457
? 3 51 385 786
? 3 102 406 786
? 3 58 402 656
? 3 58 150 656
? 3 58 402 654
? 3 161 539 654
? 3 54 138 221
? 3 54 138 565
? 3 54 209 461
? 3 461 548 720
? 3 60 506 543
? 3 114 707 721
? 3 114 333 721
? 3 194 707 721
? 3 61 93 355
? 3 61 355 651
? 3 61 355 650
? 3 106 536 583
? 3 63 230 686
? 3 310 488 686
? 3 112 298 316
? 3 112 298 316
? 3 55 363 379
? 3 249 360 404
? 3 249 360 404
? 3 404 431 730
? 3 64 211 551
? 3 67 131 211
? 3 131 203 440
? 3 70 357 621
? 3 74 299 346
? 3 299 346 416
? 3 121 598 732
? 3 121 598 732
? 3 343 423 598
? 3 178 205 511
? 3 65 205 702
? 3 190 247 702
? 3 72 599 639
? 3 246 546 639
? 3 99 599 681
? 3 66 137 674
? 3 315 662 674
? 3 226 585 674
? 3 73 193 257
? 3 258 399 653
? 3 258 399 653
? 3 101 312 741
? 3 105 335 726
? 3 105 335 741
? 3 95 640 644
? 3 273 584 644
? 3 273 584 644
? 3 88 140 697
? 3 88 140 595
? 3 140 595 714
? 3 82 187 280
? 3 82 187 609
? 3 187 286 609
? 3 104 218 624
? 3 104 218 509
? 3 104 486 624
? 3 89 383 608
? 3 89 383 572
? 3 325 463 572
? 3 91 147 682
? 3 91 147 540
? 3 158 540 566
? 3 134 160 222
? 3 151 222 544
? 3 109 469 505
? 3 332 469 678
? 3 459 500 769
? 3 459 500 769
? 3 275 484 580
? 3 275 484 580
? 3 135 196 612
? 3 351 612 761
? 3 627 669 743
? 3 322 669 743
? 3 172 287 663
? 3 172 287 663
? 3 159 294 688
? 3 128 688 771
? 3 126 336 365
? 3 336 365 757
? 3 127 458 482
? 3 482 603 796
? 3 177 733 746
? 3 329 733 746
? 3 204 317 394
? 3 204 317 684
? 3 13 183 285
? 3 183 285 503
? 3 195 354 555
? 3 354 517 555
? 3 390 438 448
? 3 438 448 581
? 3 176 282 373
? 3 277 282 373
? 3 260 366 428
? 3 260 366 760
? 3 171 591 735
? 3 591 659 735
? 3 167 272 470
? 3 167 272 470
? 3 170 244 687
? 3 244 362 687
? 3 578 641 452
? 3 648 787 344
? 3 675 756 717
? 3 368 455 719
? 3 631 524 253
? 3 395 597 331
? 3 670 492 302
? 3 705 649 245
? 3 308 495 293
? 3 564 537 237
? 3 513 799 625
? 3 487 292 238
? 3 447 412 206
? 3 181 430 268
? 3 0 219 552
? 3 0 224 278
? 3 0 219 552
? 3 0 219 770
? 3 392 407 630
? 3 35 437 715
? 3 35 133 437
? 3 35 437 750
? 3 100 288 643
? 3 100 334 643
? 3 23 32 550
? 3 32 550 773
? 3 8 685 773
? 3 188 507 773
? 3 2 465 605
? 3 2 465 605
? 3 197 256 371
? 3 197 228 371
? 3 77 228 338
? 3 29 676 745
? 3 59 202 693
? 3 59 202 693
? 3 77 228 338
? 3 77 377 434
? 3 645 762 772
? 3 380 434 481
? 3 1 27 480
? 3 1 27 798
? 3 14 45 549
? 3 14 45 718
? 3 45 718 765
? 3 14 45 622
? 3 162 165 758
? 3 162 165 758
? 3 168 225 327
? 3 168 225 327
? 3 225 327 491
? 3 129 241 510
? 3 3 192 559
? 3 381 535 607
? 3 192 213 473
? 3 192 213 614
? 3 33 155 274
!
761 351 612 196 135
135 196
196 612
351 612
351 761
544 151 222 160 134
134 160
134 222
151 222
151 544
122
759 367 474 740 145 783 725 673 252 785 408 558 152 156 397 446 191 494 307 468 71 5
367 152
673 252
785 156
191 494
494 307
5 71
5 307
307 468
191 397
191 446
152 156
156 397
408 558
152 558
252 558
145 725
673 725
252 474
474 740
725 783
759 783
399 258 653 666 257 193 73
653 666
666 193
73 193
73 257
258 653
399 653
684 317 394 204
204 394
204 684
317 684
369
709 573
709 573
486 624 509 781 218 104
781 218
104 218
104 509
104 486
104 624
415 460 683 44 163 153 586 79 266 618 39
266 618
618 39
79 266
153 266
153 586
163 618
44 683
163 683
39 460
415 460
316 112 298 230 488 310 686 63
298 230
63 230
63 686
310 686
488 686
112 298
298 316
517 354 555 195
195 555
354 517
354 555
736
701 579 420 375 525 142 744 349 86 698 235 658 31
142 698
86 698
698 235
31 235
31 658
86 744
349 744
525 744
375 420
375 744
420 701
579 701
337 533
533 337
581 448 390 438
390 438
438 581
448 581
636
368 455 719
368 455
368 719
590 396 553 189 694 606 523 248 462 352 588 729 777 107 690 671 411 15
588 729
729 777
15 411
15 671
107 671
671 690
352 777
690 777
248 462
462 729
523 588
523 606
523 694
189 553
189 588
396 553
396 590
723
570 623
623 570
571 188 507 685 8 773 32 23 550 334 100 288 643 750 437 133 35 715 392 630 407 770 219 552 306 278 224 0
643 750
715 392
224 306
407 770
334 550
188 571
0 278
224 278
219 552
0 219
219 770
392 407
392 630
35 715
133 437
35 437
437 750
288 643
100 334
100 643
23 550
32 550
32 773
8 685
685 773
188 507
188 773
771 159 294 688 128
159 688
294 688
128 688
688 771
335 726 105 741 312 101
101 741
312 741
335 726
105 335
105 741
512 410
410 512
380 481 645 772 762 434 377 338 77 59 202 693 29 676 745 228 197 371 560 256 562 605 632 465 2
693 562
562 605
2 632
560 562
371 560
228 745
676 762
2 465
465 605
197 256
197 228
197 371
29 676
29 745
59 202
202 693
77 228
228 338
77 377
377 434
645 762
762 772
380 434
380 481
648 787 344
344 648
648 787
99 681 246 546 599 639 72
72 599
599 639
246 546
246 639
99 681
599 681
329 746 733 177
177 746
329 733
329 746
395 597 331
331 395
331 597
670 492 302
302 492
492 670
603 796 482 458 127
127 458
458 482
482 796
603 796
69 478 319 667 232 569 610 347 173 271 320 376 75 25
319 667
667 232
569 376
320 376
376 75
173 271
271 320
173 610
347 610
25 232
75 232
69 478
319 478
277 282 373 176
176 373
277 373
282 373
308 495 293
293 308
308 495
264 680 419 201 442 794 309 96 514 712 38
680 419
442 712
794 309
514 712
38 712
309 712
201 419
201 442
96 514
264 514
508 234 119 582 421 358 81 146 378 157 182 240 330 24
582 421
378 157
24 157
24 330
182 240
182 330
81 378
81 358
358 421
119 234
119 582
146 378
378 508
711 793
793 711
628 466
628 466
767 92 672 477 242 370 62 615 345 46
477 242
46 345
62 615
345 615
242 370
92 477
477 672
46 242
242 767
760 366 428 260
366 428
260 366
260 760
403
591 659 735 171
171 735
591 659
591 735
417 490 547 739 657 782 453 342 751 382 602 413 728 208 706 169 521 198 303 763 97 633 4
547 739
739 728
602 413
413 728
303 763
97 633
303 521
169 521
198 521
4 97
97 706
208 706
208 728
342 602
382 751
602 751
4 453
4 763
453 657
453 782
417 547
490 547
94 323 111 471 600 611 554 290 53
600 611
53 290
290 554
323 600
111 554
111 611
94 471
323 471
695 708 405 220 619 699 321 479 389 531 529 212 534 472 17
699 479
531 529
17 534
212 529
212 534
321 479
321 389
389 529
220 619
534 619
17 405
17 472
405 695
405 708
757 742 336 365 126
742 336
126 365
336 365
336 757
324 541 576 356 429 475 48 545 154 776 655 250 518 22
541 655
655 776
776 154
545 154
250 518
22 250
250 655
48 475
475 545
154 356
356 429
324 576
356 576
583 106 650 536 651 93 355 61
651 536
93 355
61 651
61 650
355 650
106 536
106 583
181 430 268
181 268
181 430
52 326 635 269 692 443 734 498 243 788 200 233 464 418 753 716 16
443 243
753 716
716 16
16 788
788 635
418 753
200 233
233 464
243 464
418 464
243 498
498 734
269 692
443 692
52 326
326 635
707 194 114 333 721 506 543 60
543 721
60 506
60 543
114 333
333 721
194 707
707 721
287 199 663 646 172
199 646
646 663
172 287
172 663
797 305 530 489 703 527 301 445 454
703 527
527 454
301 445
445 454
489 530
489 703
305 454
454 797
322 669 743 627 764
764 743
627 743
322 669
669 743
161 539 654 738 150 656 402 58
738 150
58 656
150 656
58 402
402 654
161 539
539 654
631 524 253
253 524
524 631
216
705 649 245
245 649
649 705
584 790 273 644 640 95
790 273
95 640
640 644
273 584
273 644
361
416 74 346 299 621 357 70
299 621
70 621
357 621
74 299
299 346
299 416
423 343 598 121 732 388 68
68 388
388 732
121 598
121 732
343 423
343 598
362 244 687 170
170 687
244 362
362 687
578 641 452
452 578
578 641
585 226 315 662 674 137 66
66 137
137 674
315 662
662 674
226 585
585 674
123
239
487 292 238
238 292
292 487
272 577 470 167
577 470
167 272
272 470
575 90 538 139 563 791 642 710 28 283 629 284 795 21
710 283
629 795
21 795
284 795
283 629
28 629
28 642
563 791
642 791
139 284
139 538
90 575
90 710
231
314 259 43 350 136 456 567 665 449 9 148 10 76 679 587 755 515 270 7
567 515
665 9
10 7
587 755
755 515
515 270
270 7
587 679
76 148
76 515
9 449
10 449
456 567
136 350
136 456
259 314
43 314
314 679
108 143 281 85 637 589 727 30 427 596 664 556 261 125 634 401 215 12
281 727
589 727
596 664
664 556
634 215
12 215
215 401
125 634
125 556
261 556
30 664
30 427
30 727
85 637
589 637
108 143
143 281
459 500 769 778 120
769 778
778 120
459 500
459 769
275 484 580 593 115
580 593
593 115
275 484
275 580
433 779 668 36 57 353 164 174 677 267 483 87 26
36 87
677 267
26 87
87 483
174 677
57 353
57 677
164 677
267 483
267 668
433 668
433 779
180
574 704
704 574
566 158 540 147 682 91
147 682
91 147
147 540
158 540
540 566
102 406 786 186 385 713 504 457 51
186 385
713 457
457 504
385 457
51 385
51 786
102 786
406 786
325 463 572 383 608 89
89 608
89 572
383 572
325 463
325 572
617
789 185 341 262 752 393 179 424 50
752 393
50 179
50 424
262 752
185 752
341 752
179 789
393 789
84 364 80 768 263 400 18 747 774 700 229 42 780 386 748 291 689 359 436 6
768 263
774 780
700 229
780 386
386 436
6 359
291 359
291 689
6 436
6 748
42 780
18 400
18 229
42 229
263 747
747 774
84 364
80 84
80 768
441
604
431 730 404 249 360 363 379 55
360 363
55 379
363 379
249 360
360 404
404 431
431 730
340 144 647 339 83 439 501 594 467 236 391 749 265 318 118 251 520 11
144 647
251 520
339 439
318 749
749 391
467 439
11 520
118 520
11 318
265 318
236 467
391 467
391 501
391 594
83 439
83 647
340 647
78 497 98 166 116 296 295 414 113 476 227 485 279 20
116 296
296 414
414 113
227 485
20 279
279 485
113 227
227 476
295 476
98 166
116 166
78 497
98 497
548 720 461 209 565 138 221 54
54 221
54 565
138 565
54 461
209 461
461 548
548 720
678 332 505 469 109
109 469
109 505
332 469
332 678
714 595 140 184 697 88
184 697
140 697
88 140
140 595
140 714
190 247 702 178 511 205 65
178 511
205 511
65 205
65 702
190 247
190 702
691 613
613 691
426 528 210 328 175 532 47 56 754 41
175 532
532 47
41 754
47 754
56 754
175 328
210 328
210 426
210 528
440 203 131 67 551 211 64
64 551
211 551
67 211
131 211
131 440
203 440
792 132 499 223 451 519 432 124 207 516 37
207 223
223 516
124 519
124 207
207 432
37 223
37 499
451 499
132 516
516 792
564 537 237
237 537
237 564
513 799 625
513 625
513 799
381 535 526 255 737 313 561 435 348 33 502 592 409 155 274 614 213 473 192 607 450 559 3
435 348
614 274
409 592
592 502
192 450
155 409
502 526
313 435
313 561
155 348
155 737
255 526
526 535
3 192
192 559
381 535
381 607
213 473
192 213
213 614
33 155
155 274
766 444
766 444
503 285 183 13
13 183
183 285
285 503
286 696 609 187 280 82
696 609
82 280
82 187
187 286
187 609
557 311 784 568 731 601 425 304 49
601 49
425 568
49 304
304 425
311 784
601 784
557 731
568 731
675 756 717
675 717
675 756
724 722
722 724
638 387
638 387
626
241 510 129 491 542 327 225 168 422 165 758 162 276 622 14 765 254 718 45 549 493 798 27 480 1
129 622
422 758
276 622
493 798
45 493
45 254
276 758
168 422
327 542
1 480
1 27
27 798
45 549
45 718
718 765
14 622
45 622
162 165
162 758
168 225
225 327
327 491
129 241
129 510
374 297 117 214 372 398 300 40 103 661 141 496 217 19
103 661
661 141
496 217
19 141
19 217
40 103
103 300
300 372
372 398
40 214
117 214
141 374
297 374
447 412 206
206 412
206 447
384 110 652 522 620 616 130 149 289 34 775 660
149 289
522 616
620 652
660 110
34 775
34 289
130 289
130 616
616 620
110 384
110 652
