? 11 0 54 63 103 190 252 260 568 681 782 798
? 11 0 3 124 179 350 520 567 568 774 781 798
? 11 0 3 124 179 350 520 567 568 597 781 798
? 11 0 3 103 179 252 350 520 568 681 781 798
? 11 0 3 103 252 260 350 520 568 681 781 798
? 11 0 3 54 103 190 252 260 568 681 782 798
? 11 0 3 63 124 179 214 350 520 568 781 798
? 11 0 3 63 103 214 252 260 568 781 782 798
? 11 0 3 63 124 179 214 350 520 568 781 798
? 11 108 162 265 404 529 567 644 673 740 755 774
? 11 57 108 265 404 529 562 567 644 673 755 791
? 11 57 108 162 265 421 529 562 567 644 673 774
? 11 0 3 162 265 529 567 568 746 755 774 781
? 11 0 3 265 529 567 568 644 740 755 781 798
? 11 32 57 108 120 174 408 420 421 496 562 734
? 11 57 108 110 174 404 540 562 673 734 791 797
? 11 32 57 110 120 174 408 450 496 562 734 794
? 11 57 110 120 174 408 420 450 496 562 734 794
? 11 32 120 174 408 420 421 450 470 496 734 794
? 11 32 120 174 408 420 421 450 470 496 734 794
? 11 117 218 227 287 351 399 499 552 564 710 726
? 11 154 218 227 287 351 358 499 552 564 657 789
? 11 32 120 174 404 408 421 450 470 540 734 794
? 11 32 120 174 404 408 450 470 540 734 791 794
? 11 15 154 218 227 287 351 358 499 564 657 789
? 11 108 120 174 404 420 450 496 540 673 734 791
? 11 15 120 174 227 287 399 450 499 552 710 734
? 11 15 120 174 218 227 420 450 496 710 789 794
? 11 15 120 174 218 227 287 420 450 496 499 710
? 11 15 117 120 174 227 420 450 496 552 710 726
? 11 15 120 154 174 218 227 351 358 564 710 789
? 11 15 120 154 174 218 227 351 358 450 710 789
? 11 8 9 102 212 247 337 338 353 502 504 674
? 11 1 8 9 102 212 247 299 502 504 595 778
? 11 8 9 102 212 239 247 338 476 502 504 674
? 11 76 79 106 135 220 248 257 464 587 648 706
? 11 8 9 76 79 102 106 212 239 247 502 585
? 11 20 64 294 329 392 464 561 587 614 685 706
? 11 76 79 429 495 498 549 599 606 624 679 706
? 11 20 64 294 329 392 464 561 587 614 685 706
? 11 8 9 102 212 247 338 352 381 502 512 585
? 11 8 9 45 102 212 247 338 352 476 502 674
? 11 8 9 45 102 212 247 338 476 502 527 674
? 11 8 45 90 102 212 235 247 338 476 502 674
? 11 8 9 45 90 102 106 209 235 247 352 476
? 11 8 9 45 90 102 106 209 235 247 352 476
? 11 1 8 9 102 106 299 352 504 512 700 778
? 11 8 9 76 79 102 135 239 324 337 527 585
? 11 8 9 76 102 212 239 247 324 502 527 585
? 11 8 9 45 90 102 209 235 247 324 476 527
? 11 8 9 76 79 102 239 290 324 337 527 585
? 11 8 9 76 79 102 212 239 247 498 549 585
? 11 8 9 76 79 102 212 239 247 498 502 585
? 11 8 9 102 212 247 324 338 476 502 527 674
? 11 20 64 294 329 392 464 561 587 614 685 706
? 11 1 8 9 102 106 212 247 299 352 512 700
? 11 20 64 76 294 329 392 464 561 587 614 706
? 11 20 64 294 329 392 464 561 587 614 685 706
? 11 76 79 220 248 257 495 498 549 648 679 706
? 11 20 64 294 329 392 464 561 587 614 685 706
? 11 2 131 152 303 312 323 481 553 589 653 663
? 11 2 131 152 303 312 322 328 481 553 589 653
? 11 2 131 152 303 312 328 481 553 589 653 663
? 11 2 131 152 303 312 323 481 553 589 653 663
? 11 58 131 158 232 264 276 322 328 339 481 604
? 11 2 58 131 152 276 303 312 328 481 553 653
? 11 2 58 131 152 276 303 312 328 481 553 653
? 11 158 232 264 267 449 590 601 604 631 712 725
? 11 2 58 131 158 264 276 322 328 481 601 653
? 11 58 131 232 267 276 328 449 481 590 601 604
? 11 2 58 131 232 276 328 449 481 601 604 653
? 11 58 131 158 264 276 322 328 339 481 601 653
? 11 2 58 131 276 312 328 481 601 631 653 725
? 11 153 184 188 445 446 489 682 698 712 732 749
? 11 153 184 188 400 489 626 670 682 712 727 732
? 11 153 184 400 446 449 489 626 670 682 712 732
? 11 153 184 400 446 489 626 670 682 712 732 749
? 11 153 184 400 445 446 489 626 682 698 732 749
? 11 153 184 188 400 446 489 626 670 682 727 732
? 11 153 184 188 400 489 626 670 671 682 727 732
? 11 153 188 400 445 489 626 670 671 698 727 732
? 11 4 37 93 208 283 410 472 475 501 689 763
? 11 4 37 41 93 208 283 410 439 472 475 689
? 11 4 41 93 216 410 439 472 475 501 654 723
? 11 19 40 53 168 245 259 319 343 374 439 530
? 11 41 87 93 410 432 439 475 501 654 723 763
? 11 4 41 93 216 410 432 439 472 475 654 763
? 11 4 41 87 93 410 432 439 475 501 654 723
? 11 4 41 93 216 410 432 439 472 475 722 763
? 11 4 37 41 208 216 283 439 472 475 588 722
? 11 4 37 41 208 216 283 439 472 475 588 722
? 11 41 87 93 410 432 439 475 501 654 723 763
? 11 4 40 41 53 168 319 343 439 472 475 530
? 11 4 19 40 41 53 168 319 343 374 439 530
? 11 4 19 40 41 53 168 216 343 374 439 472
? 11 4 40 41 53 168 216 319 343 439 472 722
? 11 4 43 216 271 439 448 472 555 580 588 722
? 11 4 41 43 216 343 439 472 555 580 588 722
? 11 4 41 43 216 271 439 448 472 580 588 722
? 11 6 60 78 128 177 234 237 242 462 519 522
? 11 97 145 268 270 397 533 565 618 630 761 775
? 11 6 78 97 185 186 270 618 630 637 649 761
? 11 6 26 78 185 364 385 522 538 605 630 637
? 11 6 78 185 268 270 519 565 630 637 649 761
? 11 6 78 185 234 237 270 462 522 630 637 649
? 11 6 60 78 128 177 185 242 522 630 637 649
? 11 6 60 78 128 177 185 242 522 630 637 649
? 11 49 145 268 270 289 397 533 565 649 761 775
? 11 6 78 128 177 185 270 519 522 630 637 649
? 11 49 97 185 270 289 618 630 637 649 697 761
? 11 6 78 177 185 270 519 522 630 637 649 761
? 11 145 185 268 270 397 533 565 630 649 761 775
? 11 145 185 268 270 397 533 565 630 649 761 775
? 11 6 26 78 177 364 385 519 522 538 605 637
? 11 6 26 78 177 364 385 519 522 538 605 637
? 11 6 26 78 128 177 364 385 519 522 538 637
? 11 5 143 157 223 244 487 503 592 593 609 799
? 11 5 143 157 223 224 244 503 593 609 742 758
? 11 5 51 127 143 244 311 503 593 609 665 793
? 11 5 51 127 143 244 311 503 592 593 609 799
? 11 5 51 127 143 244 311 503 592 593 609 799
? 11 5 143 157 223 224 244 503 593 609 665 758
? 11 5 51 127 143 157 223 244 311 503 593 609
? 11 5 51 127 143 223 244 311 503 593 609 793
? 11 5 51 127 143 160 244 311 437 503 593 793
? 11 5 143 157 223 224 244 487 503 593 609 758
? 11 25 50 150 455 460 535 575 600 623 733 773
? 11 25 150 157 223 224 455 460 487 609 733 773
? 11 25 50 150 415 460 535 575 600 623 733 792
? 11 25 50 150 224 415 460 487 535 600 623 773
? 11 25 50 150 157 223 224 415 460 487 600 773
? 11 25 50 150 157 223 224 415 460 487 575 773
? 11 25 50 150 223 224 415 460 487 575 773 792
? 11 7 83 171 331 389 441 491 602 633 737 787
? 11 7 83 171 331 389 441 491 602 633 737 787
? 11 7 83 171 331 336 389 441 491 602 652 737
? 11 7 83 171 336 389 441 491 602 633 652 737
? 11 24 167 169 231 336 359 443 497 548 652 737
? 11 24 81 167 169 231 341 443 497 548 652 719
? 11 24 81 167 169 231 373 384 443 497 548 652
? 11 24 83 169 331 336 373 384 491 548 652 737
? 11 81 167 169 231 302 331 359 373 384 443 497
? 11 33 81 104 167 231 302 332 341 396 443 541
? 11 24 81 169 231 331 359 373 384 443 497 548
? 11 33 81 169 231 331 332 341 359 384 443 497
? 11 33 81 104 167 231 302 332 341 396 541 719
? 11 33 81 104 167 231 302 332 359 443 541 719
? 11 33 81 104 167 231 302 332 341 396 541 719
? 11 33 81 104 142 167 231 332 341 396 541 719
? 11 10 59 129 226 263 377 378 388 468 615 669
? 11 10 129 263 269 378 388 391 434 563 669 676
? 11 10 59 129 187 226 263 269 378 388 559 676
? 11 10 22 129 263 388 391 434 526 563 669 715
? 11 10 22 129 263 269 388 391 434 526 669 676
? 11 10 22 129 163 263 391 434 526 608 632 669
? 11 10 22 129 163 263 269 388 391 434 526 669
? 11 10 22 129 163 263 391 434 526 608 632 669
? 11 10 22 129 263 269 305 378 388 434 676 715
? 11 59 136 187 226 304 377 378 405 442 468 615
? 11 10 59 136 226 263 269 304 377 378 388 676
? 11 10 22 59 129 226 263 269 305 378 388 676
? 11 10 22 59 129 136 226 263 304 377 442 468
? 11 22 59 129 136 226 304 308 377 405 442 468
? 11 10 22 59 129 226 263 269 388 434 559 676
? 11 11 69 74 273 330 365 368 430 453 494 718
? 11 11 12 273 347 368 430 453 494 577 718 728
? 11 11 12 273 347 368 430 453 494 577 718 728
? 11 27 35 69 74 229 313 327 330 365 394 444
? 11 27 69 229 273 313 327 330 394 430 494 718
? 11 11 12 69 273 347 368 430 453 494 577 718
? 11 11 12 69 74 229 330 347 365 444 453 577
? 11 27 35 192 211 313 318 327 394 517 651 695
? 11 11 12 69 229 313 330 347 394 452 453 577
? 11 27 35 229 313 318 327 330 394 517 651 664
? 11 27 35 192 211 313 318 327 394 517 651 695
? 11 27 69 229 313 327 330 347 394 452 453 664
? 11 27 35 192 211 318 327 379 394 517 651 695
? 11 27 35 192 211 318 327 379 394 517 651 695
? 11 27 35 192 211 318 327 379 394 517 651 695
? 11 13 141 144 275 515 524 573 596 646 717 757
? 11 13 141 144 275 515 524 573 596 646 717 757
? 11 13 141 144 275 515 524 573 596 646 717 757
? 11 13 141 144 275 515 524 573 596 646 717 757
? 11 141 144 275 483 515 524 573 596 646 717 738
? 11 13 122 141 144 275 515 596 619 646 717 757
? 11 13 122 141 144 275 524 573 596 646 717 757
? 11 17 144 176 201 206 515 539 547 572 619 717
? 11 17 141 144 201 275 515 539 573 596 619 717
? 11 17 141 144 201 275 515 539 572 596 619 717
? 11 17 176 201 206 515 539 547 572 619 717 724
? 11 141 144 201 275 483 524 573 596 619 717 738
? 11 17 176 201 206 532 539 547 572 702 724 764
? 11 14 72 230 291 320 355 466 513 518 771 776
? 11 14 47 230 238 291 300 398 513 518 546 776
? 11 72 230 238 300 320 355 466 513 546 771 776
? 11 14 72 230 291 320 355 466 513 518 771 776
? 11 199 238 300 354 406 411 546 571 729 744 747
? 11 47 199 238 300 354 398 406 546 571 744 747
? 11 47 199 354 398 406 411 560 571 729 744 747
? 11 47 230 238 291 300 398 406 513 546 747 776
? 11 72 230 238 300 320 355 466 513 546 771 776
? 11 47 238 300 398 406 411 513 546 560 729 747
? 11 47 199 238 300 354 398 406 513 546 744 747
? 11 47 199 238 300 354 398 406 513 546 744 747
? 11 16 38 84 85 148 175 178 315 480 574 796
? 11 38 84 85 88 148 258 480 544 574 582 736
? 11 16 38 84 85 88 148 175 178 315 480 574
? 11 16 38 84 85 88 148 175 178 480 574 796
? 11 16 38 84 85 88 148 175 178 574 736 796
? 11 18 38 84 85 88 148 258 315 480 582 705
? 11 18 38 84 85 88 148 258 315 480 574 705
? 11 18 31 38 88 101 148 258 315 480 582 591
? 11 18 31 38 88 101 148 315 480 544 582 591
? 11 16 18 38 84 85 88 148 175 178 480 574
? 11 16 18 38 88 148 175 178 480 506 711 796
? 11 38 84 85 88 126 258 506 516 574 591 736
? 11 23 111 156 165 422 457 478 629 735 767 777
? 11 23 62 111 156 165 422 457 478 586 629 735
? 11 46 107 165 219 274 278 281 361 422 451 586
? 11 62 111 156 165 261 422 478 586 629 767 777
? 11 23 62 111 156 165 422 457 586 629 735 767
? 11 62 111 156 165 261 422 478 586 629 767 777
? 11 23 62 111 156 165 422 457 478 586 629 735
? 11 46 107 219 274 278 281 348 361 375 451 586
? 11 46 107 156 219 274 278 281 361 375 451 586
? 11 46 107 219 274 278 281 348 361 375 451 586
? 11 46 107 219 274 278 281 348 361 375 451 586
? 11 46 107 219 274 278 281 348 361 375 451 586
? 11 21 82 139 166 401 402 412 423 435 482 505
? 11 21 82 139 166 286 402 412 413 423 435 505
? 11 39 70 82 161 254 286 292 413 610 612 703
? 11 82 139 286 401 402 412 423 435 482 505 666
? 11 21 48 82 139 286 402 412 416 423 435 505
? 11 21 48 82 139 286 402 416 423 435 505 703
? 11 82 139 166 286 401 402 412 423 435 482 666
? 11 39 48 70 82 161 254 292 416 610 612 703
? 11 39 48 70 82 161 254 292 416 610 612 703
? 11 48 70 82 161 254 286 292 413 610 612 703
? 11 48 70 82 139 254 286 413 423 435 610 703
? 11 39 48 70 82 161 254 292 416 610 612 703
? 11 28 56 66 109 149 298 474 578 617 708 779
? 11 28 56 66 109 298 474 528 569 578 617 708
? 11 28 56 66 109 133 298 474 569 578 617 708
? 11 109 133 149 182 249 279 488 569 581 708 779
? 11 28 56 66 109 298 474 569 578 617 708 779
? 11 28 109 133 149 474 528 569 578 581 708 779
? 11 109 133 149 182 249 279 488 569 581 708 779
? 11 109 133 149 182 249 488 528 569 581 708 779
? 11 28 56 66 109 133 298 474 569 578 617 708
? 11 28 56 66 109 133 298 474 569 578 617 708
? 11 29 42 61 105 173 183 314 326 372 469 692
? 11 29 42 61 105 121 183 314 326 344 469 485
? 11 61 121 173 183 326 424 484 485 551 683 692
? 11 29 42 61 105 183 314 326 344 424 469 692
? 11 29 42 105 183 314 326 344 424 469 484 683
? 11 29 61 121 173 183 326 344 372 424 485 692
? 11 29 61 121 173 183 326 344 424 485 551 692
? 11 29 61 121 173 183 326 344 424 485 551 692
? 11 29 42 105 183 314 326 344 424 469 484 683
? 11 91 140 189 386 414 459 510 537 662 690 770
? 11 30 96 140 155 189 386 459 613 616 662 743
? 11 30 96 140 155 189 386 459 613 616 662 743
? 11 91 140 189 386 414 459 510 537 662 690 770
? 11 30 140 155 189 414 459 510 613 616 662 743
? 11 30 140 155 189 414 459 510 537 616 662 743
? 11 30 91 140 189 386 414 459 510 662 743 770
? 11 30 91 140 189 386 414 459 510 662 743 770
? 11 138 262 277 335 342 363 407 456 458 477 716
? 11 36 138 193 262 335 342 407 458 477 677 716
? 11 138 193 207 277 293 363 407 456 477 550 716
? 11 138 193 207 277 293 363 407 456 477 550 716
? 11 138 193 207 277 293 363 407 456 477 550 716
? 11 138 193 207 277 293 363 407 456 477 550 716
? 11 138 193 207 277 293 363 407 456 477 550 716
? 11 138 193 207 277 293 363 407 456 477 550 716
? 11 34 200 233 284 334 345 362 403 461 492 566
? 11 34 132 228 284 345 356 362 403 461 492 603
? 11 34 200 228 233 334 345 356 403 461 603 707
? 11 34 132 200 233 284 362 403 461 492 566 603
? 11 34 132 200 233 284 362 403 461 492 603 707
? 11 34 132 200 233 284 362 403 461 492 566 603
? 11 34 132 200 233 284 362 403 461 492 566 603
? 11 34 132 200 233 284 362 403 461 492 566 603
? 11 44 250 309 366 525 542 641 659 709 739 772
? 11 44 250 309 366 525 542 641 709 739 753 772
? 11 44 250 309 366 525 621 641 709 739 753 772
? 11 44 250 366 367 525 554 621 641 709 753 772
? 11 44 250 309 366 367 554 641 709 739 753 772
? 11 44 250 309 366 367 554 621 641 709 753 772
? 11 44 250 309 366 367 554 621 641 709 753 772
? 11 52 77 159 164 170 198 295 634 642 658 745
? 11 52 77 159 164 170 198 634 642 658 678 745
? 11 52 77 159 164 170 321 634 658 678 745 783
? 11 77 164 198 295 321 634 642 658 678 745 783
? 11 52 77 159 164 170 321 634 658 678 745 783
? 11 77 164 198 295 321 634 642 658 678 745 783
? 11 77 164 198 295 321 634 642 658 678 745 783
? 11 67 197 203 376 418 511 531 557 656 684 721
? 11 67 123 197 203 376 418 511 531 579 684 721
? 11 123 197 203 376 418 531 557 579 656 684 721
? 11 123 197 203 376 418 531 557 579 656 684 721
? 11 123 197 203 376 418 531 557 579 656 684 721
? 11 123 197 203 376 418 531 557 579 656 684 721
? 11 55 191 210 221 369 490 545 611 625 748 752
? 11 55 191 221 369 490 545 611 625 650 686 748
? 11 55 191 210 221 369 545 611 625 650 686 748
? 11 55 191 210 221 369 545 611 625 650 686 748
? 11 55 191 210 221 369 490 545 611 625 650 748
? 11 55 191 210 221 369 490 545 611 625 748 752
? 11 65 137 146 225 256 310 346 433 720 785 790
? 11 137 146 225 256 310 417 433 647 720 785 790
? 11 65 137 146 225 256 310 346 433 647 720 785
? 11 65 137 146 225 256 310 346 433 720 785 790
? 11 65 137 146 225 256 310 346 433 720 785 790
? 11 65 137 146 225 256 310 417 433 647 720 785
? 11 731 765 661 272 754 116 672 786 409 500 68
? 10 195 638 598 680 349 288 620 509 382 75
? 10 713 431 438 667 675 301 325 194 285 71
? 10 693 762 307 760 115 622 701 583 371 80
? 9 340 627 306 507 440 768 756 94 266
? 9 425 534 387 419 360 395 454 436 89
? 8 282 205 558 100 543 217 426 95
? 8 215 202 463 694 241 688 251 99
? 8 181 536 130 125 576 118 119 92
? 8 643 333 113 521 380 240 628 98
? 7 493 636 370 639 172 594 114
? 7 607 780 255 741 751 645 134
? 7 730 196 296 383 204 467 112
? 6 180 243 655 222 317 147
? 6 714 297 660 769 428 151
? 5 699 508 390 479 213
? 5 447 766 788 393 236
? 5 86 584 635 465 246
? 5 357 253 640 514 668
? 4 570 696 427 316
? 3 473 704 471
? 3 486 759 691
? 11 0 3 124 179 265 350 520 529 567 755 781
? 11 0 3 63 124 179 350 520 568 755 781 798
? 11 0 3 54 103 190 214 252 260 681 782 798
? 11 0 3 54 103 190 214 252 260 568 782 798
? 11 0 3 54 103 190 214 252 260 681 782 798
? 11 0 3 54 103 190 214 252 260 568 782 798
? 11 0 3 54 103 190 214 252 260 568 782 798
? 11 0 3 124 179 265 350 520 567 568 755 781
? 11 0 3 63 124 179 214 350 520 568 781 798
? 11 0 3 63 124 179 214 350 520 568 781 798
? 11 0 3 63 214 252 265 567 568 755 781 798
? 11 108 265 404 421 529 540 567 644 673 734 791
? 11 0 3 63 265 529 567 568 644 755 781 798
? 11 108 162 265 404 529 567 644 673 746 774 791
? 11 0 3 108 265 529 567 568 644 673 755 781
? 11 15 174 218 227 358 399 404 421 540 734 789
? 11 15 57 110 174 218 227 358 399 562 734 789
? 11 15 174 218 227 399 404 421 540 734 789 797
? 11 108 265 404 529 540 567 644 673 755 781 791
? 11 15 120 154 174 218 227 351 358 552 564 789
? 11 15 120 154 174 218 227 351 358 564 710 789
? 11 15 120 174 218 227 287 351 358 499 710 789
? 11 15 154 174 218 227 351 358 552 564 726 789
? 11 15 32 120 174 218 227 408 470 710 789 794
? 11 15 120 174 218 227 358 420 450 496 710 789
? 11 15 32 120 174 218 227 408 470 710 789 794
? 11 15 120 174 218 227 358 420 450 496 710 789
? 11 15 120 174 287 420 450 496 499 657 710 794
? 11 15 117 154 218 227 351 358 552 564 726 789
? 11 15 117 120 174 227 450 496 552 657 710 726
? 11 15 120 154 174 218 227 351 358 657 710 789
? 11 15 120 154 174 218 227 351 358 564 657 789
? 11 1 8 9 102 106 212 247 299 352 512 700
? 11 1 8 9 102 106 247 299 352 512 700 778
? 11 8 9 102 106 212 247 338 352 502 504 700
? 11 8 9 45 102 212 247 338 476 502 585 674
? 11 8 9 76 79 102 135 239 324 337 527 585
? 11 76 79 239 495 498 549 585 599 606 624 679
? 11 76 79 239 498 549 585 599 606 624 679 706
? 11 76 79 239 429 498 549 599 606 624 679 706
? 11 8 9 102 212 247 338 381 476 502 585 674
? 11 8 9 45 102 212 247 338 476 502 674 700
? 11 8 9 45 90 102 212 247 338 476 502 674
? 11 8 9 76 79 102 239 324 337 353 527 585
? 11 8 9 76 79 102 239 247 324 353 527 585
? 11 8 9 45 90 102 209 235 247 324 476 527
? 11 8 9 45 90 102 209 247 324 476 527 585
? 11 8 9 76 79 102 212 239 247 324 527 585
? 11 8 9 102 212 239 247 324 338 502 527 585
? 11 76 79 220 257 353 498 549 599 648 679 706
? 11 8 9 76 79 102 239 247 585 599 624 679
? 11 8 9 76 79 102 239 585 599 606 624 679
? 11 8 9 76 79 102 239 585 599 606 624 679
? 11 8 9 102 212 247 338 476 495 502 585 674
? 11 76 79 353 464 498 549 561 587 599 679 706
? 11 20 64 294 329 392 464 561 599 614 624 685
? 11 20 64 294 329 392 464 561 599 614 624 685
? 11 20 64 294 329 392 464 561 599 614 624 685
? 11 76 79 220 248 257 353 498 549 648 679 706
? 11 76 79 220 257 353 498 549 599 624 679 706
? 11 2 58 131 276 312 328 481 601 631 653 725
? 11 2 131 152 303 312 323 481 553 589 653 663
? 11 2 58 131 152 276 303 312 328 481 553 653
!
142 396 33 332 541 104 719 81 341 302 231 359 443 497 167 548 169 24 373 384 652 336 737 331 491 171 441 633 787 83 602 389 7
491 787
7 83
7 389
7 602
83 171
171 441
171 633
83 491
331 652
336 652
336 737
491 737
24 373
24 548
331 373
169 384
169 497
331 384
443 497
81 443
359 443
167 302
33 332
33 719
81 142
81 231
104 541
142 719
167 231
332 341
332 541
341 396
714 297 660 769 428 151
151 428
297 714
428 660
428 714
660 769
219 361 278 281 348 375 274 451 46 107 111 261 777 767 457 478 156 422 165 629 586 62 735 23
111 767
261 767
261 777
23 62
62 629
62 735
111 156
156 478
165 422
165 629
422 586
457 629
156 586
46 107
46 451
107 375
219 281
219 451
274 278
274 348
278 375
281 361
451 586
702 764 483 532 724 547 572 201 17 539 206 176 122 619 596 141 738 573 524 646 144 717 515 275 757 13
13 646
13 757
122 757
646 717
515 619
141 144
141 275
144 717
144 738
201 619
275 596
483 738
524 573
573 596
619 717
17 539
17 572
176 206
176 702
176 724
201 539
532 547
547 572
547 724
702 764
538 364 605 26 385 186 185 145 397 533 761 268 618 775 270 637 49 289 242 177 60 234 237 462 519 128 522 697 97 565 630 649 78 6
186 637
234 237
237 462
462 522
60 242
128 242
49 97
49 289
97 618
618 761
697 761
185 637
145 268
145 775
185 630
268 565
270 649
270 761
397 775
533 565
565 761
630 649
538 605
6 78
6 637
26 385
78 519
78 522
128 177
177 522
364 385
364 538
385 637
486 759 691
486 759
691 759
617 298 66 523 488 182 279 249 581 133 569 528 149 109 578 708 474 56 779 28
523 249
279 488
133 528
149 581
149 779
182 249
182 581
249 488
708 779
28 56
28 474
56 298
66 474
109 569
109 708
133 569
298 617
474 578
578 708
193 138 293 207 277 550 456 407 477 363 716 458 262 342 335 677 36
36 677
262 342
262 458
335 342
335 677
458 716
138 293
138 363
193 277
193 293
193 477
207 456
207 477
407 550
407 716
477 550
516 126 711 506 18 591 31 101 582 544 258 88 84 705 148 38 480 85 175 796 736 574 315 178 16
38 705
31 544
101 544
315 480
544 582
582 591
16 175
16 178
18 175
18 480
38 148
148 480
175 796
506 711
38 88
38 506
84 85
84 574
85 88
88 591
126 258
258 591
506 516
574 736
693 762 307 760 115 622 701 583 371 80
80 115
80 371
115 701
307 760
307 762
371 583
583 760
622 701
693 760
86 584 635 465 246
86 584
246 635
465 584
465 635
425 534 387 419 360 395 454 436 89
89 425
360 534
387 395
387 534
395 436
419 436
425 436
425 454
340 627 306 507 440 768 756 94 266
94 507
94 768
266 306
306 627
306 756
340 440
440 768
507 756
424 484 121 485 551 61 173 372 683 692 183 469 326 344 105 42 314 29
372 424
61 326
61 692
121 485
121 692
173 485
173 551
29 183
29 344
42 105
105 683
183 424
314 344
314 683
326 424
344 469
469 484
731 765 661 272 754 116 672 786 409 500 68
68 409
68 500
116 786
272 731
272 754
272 765
409 661
661 786
672 765
754 786
517 211 651 318 379 695 27 35 313 327 664 229 452 394 192 444 74 365 577 718 430 494 69 330 728 12 347 368 273 453 11
577 728
273 430
273 494
273 718
368 430
368 453
74 444
330 365
365 444
11 12
11 577
12 453
69 347
69 452
229 330
229 452
313 394
313 664
330 664
347 453
27 327
35 318
192 211
192 517
318 379
318 651
327 394
327 651
379 695
517 695
195 638 598 680 349 288 620 509 382 75
75 509
195 638
288 349
288 620
288 638
382 638
509 620
509 680
598 680
570 696 427 316
316 427
427 570
570 696
180 243 655 222 317 147
147 222
147 655
180 243
243 317
317 655
473 704 471
471 704
473 704
447 766 788 393 236
236 393
236 766
393 788
447 766
642 295 634 164 77 321 745 198 658 783 678 170 159 52
52 159
159 170
170 678
77 164
77 783
164 634
198 642
198 658
295 658
321 634
634 745
658 783
678 745
607 780 255 741 751 645 134
134 607
255 741
255 751
607 741
645 741
751 780
309 641 366 709 739 753 554 367 621 659 542 525 250 772 44
250 659
250 542
525 772
366 739
44 250
44 772
250 367
309 366
366 641
367 554
554 621
641 753
709 753
709 772
215 202 463 694 241 688 251 99
99 215
202 463
215 251
241 251
241 688
241 694
463 694
744 411 354 199 560 355 72 729 747 571 406 47 546 398 300 238 513 466 771 230 291 518 776 320 14
14 291
291 518
47 571
291 776
72 771
230 513
230 776
320 466
355 466
355 776
466 771
411 729
411 747
560 729
47 406
47 747
199 354
238 300
238 546
300 398
354 744
354 747
398 406
513 546
154 358 564 351 117 726 218 15 789 657 552 496 420 470 227 450 794 32 408 174 287 499 399 710 734 120 421 540 110 797 57 562 791 404 108 673 740 746 529 644 162 265 755 567 774 520 124 350 781 3 179 190 782 252 260 681 103 54 597 214 798 63 568 0
597 798
644 740
252 681
54 190
103 252
103 260
190 782
260 782
124 179
179 520
350 520
350 781
214 252
214 798
3 798
63 798
162 774
265 774
644 746
0 3
0 568
3 781
57 110
110 562
399 562
174 399
399 734
404 797
421 540
540 734
108 673
265 567
265 755
404 540
404 791
529 567
529 644
644 673
673 791
755 781
32 470
408 470
408 794
287 794
420 496
499 794
710 794
117 726
227 552
450 496
450 710
552 726
120 710
15 227
15 657
120 174
154 351
174 657
218 227
218 789
351 358
351 564
358 789
280 73
73 280
493 636 370 639 172 594 114
114 636
172 370
370 639
493 594
594 639
636 639
643 333 113 521 380 240 628 98
98 628
113 333
240 643
333 521
380 521
521 628
628 643
123 531 557 579 197 656 418 203 721 684 376 511 67
67 511
511 684
123 197
123 531
203 376
203 418
376 721
418 684
531 656
531 721
557 579
579 656
699 508 390 479 213
213 479
390 479
390 699
508 699
566 492 200 461 403 132 362 334 233 784 707 356 228 603 284 345 34
784 707
228 356
228 707
334 345
345 356
233 707
34 233
34 603
132 284
132 362
200 403
362 492
403 461
403 603
461 492
492 566
687 750
750 687
417 647 310 225 146 137 785 256 720 433 790 346 65
65 346
256 790
65 785
137 146
137 225
225 310
256 310
256 720
310 647
417 647
433 720
433 785
39 666 254 612 161 292 703 70 610 435 423 139 402 401 412 166 482 48 82 416 413 286 505 21
21 505
82 505
139 402
166 666
401 482
401 666
402 412
412 482
82 286
139 423
286 413
286 435
423 435
39 416
48 70
48 254
70 610
70 703
82 703
161 292
161 416
254 612
292 612
559 795 405 136 442 377 59 308 304 468 615 378 305 163 632 608 526 226 391 269 676 263 388 22 187 715 434 563 669 129 10
795 405
563 715
163 526
163 669
391 669
434 669
526 608
608 632
434 715
187 377
378 615
22 305
226 378
59 308
59 377
136 304
136 308
136 405
304 468
442 468
10 263
10 388
22 129
22 226
59 226
59 559
129 263
129 434
269 388
269 676
282 205 558 100 543 217 426 95
95 426
100 205
100 558
205 543
217 426
217 543
282 558
20 220 248 257 329 64 294 685 299 392 614 561 324 495 498 599 549 606 290 624 90 648 502 338 337 212 8 209 235 45 476 247 102 353 527 9 352 700 512 381 464 429 679 706 587 76 79 135 106 585 239 504 595 778 674 1
247 595
290 337
1 299
299 512
299 778
352 512
106 352
106 700
352 504
135 337
429 706
381 585
9 700
8 337
209 235
45 476
90 209
90 476
9 527
324 527
76 239
239 585
606 624
8 102
8 247
8 495
9 102
9 585
212 247
212 502
247 476
338 502
338 674
587 706
20 329
64 329
294 614
294 685
329 392
392 614
464 561
464 624
561 614
220 648
248 648
76 79
76 706
79 498
79 679
220 257
257 706
353 498
353 549
599 624
599 679
545 369 650 748 191 625 221 210 611 490 752 686 55
650 686
625 650
55 611
55 625
191 625
191 748
210 611
221 369
221 490
221 752
369 545
545 748
713 431 438 667 675 301 325 194 285 71
71 285
194 325
194 438
194 667
285 438
301 325
325 431
431 713
675 713
770 386 91 414 537 189 140 690 510 459 155 616 743 96 662 613 30
96 613
537 690
613 743
30 616
140 537
155 616
30 743
91 770
140 189
140 386
189 459
386 770
414 510
459 510
459 662
662 743
448 580 555 271 43 588 319 374 19 53 40 168 530 343 763 283 208 689 37 475 410 87 432 723 654 501 93 556 259 722 216 245 439 41 472 4
556 259
41 689
245 259
245 439
37 283
208 283
208 475
87 501
87 723
93 410
93 432
93 475
410 501
410 654
432 763
41 475
319 530
19 374
53 374
40 168
53 168
53 319
168 343
41 343
555 580
4 439
4 472
41 439
43 580
43 588
216 439
216 722
271 448
271 580
588 722
792 415 575 460 600 50 535 733 623 25 455 150 773 224 758 742 437 160 793 311 127 51 665 157 592 223 799 143 609 487 503 593 244 5
742 758
592 799
609 799
503 665
51 160
51 311
127 437
160 437
160 793
311 503
5 244
5 593
143 593
143 609
224 758
244 503
223 609
455 733
25 733
535 623
600 623
50 600
157 223
25 150
25 415
50 415
50 575
150 460
223 487
224 487
224 773
460 773
575 792
730 196 296 383 204 467 112
112 467
196 730
204 296
204 467
204 730
296 383
357 253 640 514 668
253 640
357 640
514 640
514 668
698 445 671 670 727 626 400 188 749 682 446 489 732 153 184 712 725 631 264 267 232 339 449 590 601 604 158 276 58 322 328 131 481 653 323 303 663 152 589 553 312 2
232 590
267 590
232 449
449 604
601 604
158 264
158 322
158 339
264 601
449 712
670 712
446 749
446 682
184 682
489 682
153 489
153 732
188 727
400 626
400 671
445 698
489 698
626 732
670 727
671 727
58 631
276 725
601 631
152 589
303 663
323 663
2 312
2 653
58 276
58 328
131 328
131 481
152 303
303 553
481 653
553 653
181 536 130 125 576 118 119 92
92 118
92 576
118 536
119 125
119 536
125 181
130 181
