? 15 0 16 76 92 157 162 178 179 187 240 359 654 711 719 765
? 15 0 16 76 92 162 178 179 187 240 359 654 677 687 711 719
? 15 161 201 263 343 368 384 426 427 465 474 530 681 702 717 748
? 15 201 263 343 356 368 384 426 427 465 474 530 648 681 717 748
? 15 201 263 343 356 368 384 426 427 465 474 530 681 702 717 748
? 15 201 263 343 356 368 384 426 427 465 474 530 681 702 717 748
? 15 161 201 236 250 263 280 356 384 426 502 512 555 613 702 796
? 15 0 16 76 92 178 201 240 263 356 359 384 426 595 711 748
? 15 161 201 250 263 280 356 426 502 555 613 648 698 702 735 796
? 15 30 110 114 153 170 195 360 459 476 531 576 589 598 641 754
? 15 0 16 76 92 178 201 240 263 356 359 384 426 595 711 748
? 15 0 16 76 201 240 263 278 356 359 384 426 595 711 748 757
? 15 124 125 161 250 280 502 555 613 624 646 661 698 702 735 796
? 15 47 124 125 250 280 532 555 613 624 646 661 662 698 735 796
? 15 161 201 236 250 263 278 356 426 502 512 555 613 648 702 757
? 15 161 201 250 263 280 356 426 502 555 613 648 698 702 757 796
? 15 47 124 125 161 250 280 502 532 555 613 646 662 698 735 796
? 15 15 47 96 105 106 119 124 125 234 371 532 646 662 706 795
? 15 82 125 176 216 280 321 466 504 532 594 632 646 735 741 796
? 15 15 47 96 105 106 112 119 124 234 305 371 409 515 706 795
? 15 15 47 96 124 125 305 321 466 515 532 594 632 646 662 741
? 15 15 47 96 124 125 305 321 466 515 532 594 632 646 662 741
? 15 15 47 96 124 125 305 321 466 515 532 594 632 646 662 741
? 15 161 176 216 250 263 280 356 426 502 555 613 648 698 702 796
? 15 125 176 216 250 280 321 466 532 594 613 632 646 698 735 796
? 15 0 153 201 263 278 356 384 426 589 593 595 648 748 754 757
? 15 30 110 114 154 195 316 360 459 476 493 519 520 531 576 641
? 15 114 153 195 201 263 278 356 360 426 476 531 589 598 754 757
? 15 30 110 114 154 195 316 360 459 476 493 519 520 576 641 737
? 15 114 153 195 201 263 278 356 426 476 531 576 589 598 754 757
? 15 30 110 114 154 170 195 316 459 476 493 519 520 531 576 641
? 15 30 110 114 154 170 195 316 459 476 531 576 589 598 641 754
? 15 30 114 153 170 195 263 316 459 476 531 576 589 598 641 754
? 15 30 114 170 195 316 459 476 493 519 520 531 576 598 641 754
? 15 0 16 153 263 278 384 426 493 519 520 589 595 748 754 757
? 15 0 16 76 153 240 263 278 384 426 493 519 520 595 748 757
? 15 0 16 76 92 157 162 178 179 187 229 240 359 711 719 765
? 15 0 16 76 92 157 162 178 179 187 229 240 359 711 719 765
? 15 0 16 76 92 157 162 178 179 187 240 359 595 711 719 748
? 15 0 16 18 76 237 240 263 278 384 399 426 595 711 748 757
? 15 0 16 134 153 263 278 316 384 426 493 519 520 595 748 757
? 15 86 151 205 221 231 300 397 445 488 624 655 661 682 697 736
? 15 47 86 96 124 221 231 300 305 397 445 488 624 661 662 682
? 15 86 96 124 205 221 231 300 305 397 445 488 624 661 662 682
? 15 86 151 205 221 231 300 397 445 488 624 655 661 682 697 736
? 15 86 96 124 205 221 231 300 305 397 445 488 624 661 662 682
? 15 86 124 151 205 221 231 300 397 445 488 624 661 662 682 697
? 15 86 151 205 221 231 300 397 445 488 624 655 661 682 697 736
? 15 15 47 96 105 106 112 119 124 234 305 371 409 515 706 795
? 15 15 47 96 106 112 119 234 305 332 371 409 496 506 515 706
? 15 47 96 124 125 305 321 332 466 532 594 630 632 646 662 741
? 15 47 96 124 125 305 398 466 532 630 632 634 646 662 741 742
? 15 47 96 124 125 305 398 522 532 630 634 646 662 741 742 793
? 15 47 96 124 125 305 398 466 522 532 630 634 646 662 741 742
? 15 15 47 96 106 112 119 234 332 371 496 506 515 630 634 742
? 15 15 47 96 106 112 119 234 332 371 409 496 506 515 630 706
? 15 15 47 96 105 106 112 119 234 332 371 496 506 515 706 795
? 15 15 47 96 106 119 124 125 234 305 466 506 532 646 662 741
? 15 15 47 96 106 119 124 125 234 305 466 506 532 646 662 741
? 15 30 114 170 195 408 459 476 493 531 576 589 598 641 724 754
? 15 0 16 153 201 236 263 278 356 384 426 512 595 648 748 757
? 15 0 16 18 76 92 178 237 240 278 359 384 595 711 748 757
? 15 0 16 18 76 92 162 178 179 187 237 240 359 595 711 748
? 15 0 16 18 76 92 162 178 179 187 237 240 359 595 711 748
? 15 1 33 95 127 243 268 333 355 390 405 437 458 514 720 798
? 15 2 127 148 215 243 253 268 333 355 390 447 458 514 720 725
? 15 1 95 127 243 268 296 333 355 437 458 514 592 616 720 798
? 15 2 33 127 148 215 253 268 333 355 437 458 514 616 720 725
? 15 2 33 127 148 243 268 296 333 355 437 458 514 616 720 725
? 15 2 33 103 148 172 185 215 253 291 293 333 355 437 615 725
? 15 2 33 103 148 172 185 215 253 291 293 333 355 405 437 725
? 15 33 127 243 268 296 333 355 405 437 458 514 592 616 720 798
? 15 2 103 148 172 185 197 215 253 291 293 348 390 498 612 615
? 15 33 127 148 268 333 355 390 405 437 447 458 514 616 720 725
? 15 2 103 148 172 185 197 215 253 291 293 348 390 498 612 615
? 15 2 103 172 185 197 215 253 291 293 348 390 498 612 615 672
? 15 2 33 148 172 215 253 333 355 390 405 437 458 672 720 725
? 15 2 33 103 148 172 185 215 253 291 293 390 437 447 672 725
? 15 2 103 148 172 185 197 215 253 291 293 348 498 612 615 672
? 15 2 103 148 172 185 197 215 253 291 293 348 498 612 615 672
? 15 2 33 148 172 215 253 291 333 355 390 437 447 537 672 725
? 15 2 103 148 172 185 215 253 291 293 390 437 447 498 672 725
? 15 2 41 85 148 172 215 253 291 390 447 517 537 672 725 759
? 15 2 33 41 148 172 215 253 291 355 390 437 447 537 672 725
? 15 3 87 102 271 372 389 404 421 468 516 569 666 680 721 733
? 15 3 63 87 184 213 246 389 404 468 503 516 535 666 686 721
? 15 3 87 109 271 372 389 404 421 468 516 569 666 680 721 733
? 15 3 87 109 271 372 389 404 421 468 516 569 666 680 721 733
? 15 3 63 87 109 271 372 389 404 468 516 569 666 680 721 733
? 15 63 67 74 87 120 235 282 441 468 503 516 557 599 686 786
? 15 3 63 87 109 271 372 389 404 468 516 569 666 680 721 733
? 15 67 74 120 184 213 235 246 282 370 423 441 503 535 599 786
? 15 67 74 120 184 213 235 246 282 370 423 441 521 557 599 786
? 15 3 63 87 213 389 404 468 503 516 535 666 680 686 721 733
? 15 67 74 120 184 213 235 246 282 370 423 441 503 535 599 786
? 15 67 74 120 235 282 370 441 453 521 557 599 657 716 750 786
? 15 63 87 184 213 235 246 370 423 441 468 503 516 535 686 786
? 15 67 74 120 235 282 370 441 453 521 557 599 657 716 750 786
? 15 67 74 120 184 213 235 246 282 370 423 441 503 535 599 786
? 15 3 63 87 184 213 246 389 404 423 468 503 516 535 666 686
? 15 67 74 120 235 282 370 441 453 521 557 599 657 716 750 786
? 15 67 74 120 213 235 246 282 370 423 441 521 557 599 716 786
? 15 67 74 120 235 282 370 441 453 521 557 599 657 716 750 786
? 15 4 27 36 42 49 242 266 335 380 558 587 642 653 688 730
? 15 27 36 42 49 111 242 283 340 373 380 558 575 587 642 653
? 15 4 27 42 242 266 335 380 558 575 587 642 653 688 730 799
? 15 4 27 36 42 242 266 335 380 558 575 587 642 653 688 730
? 15 4 27 242 266 335 380 558 575 587 642 653 688 730 747 799
? 15 4 27 42 242 266 335 380 558 575 587 642 653 688 730 747
? 15 36 42 49 73 111 219 283 340 352 373 501 552 558 567 653
? 15 4 36 42 242 266 269 335 558 575 587 642 653 730 747 799
? 15 4 27 36 42 242 266 335 558 575 587 642 653 730 747 799
? 15 4 36 42 49 111 242 266 335 558 575 642 653 730 747 799
? 15 4 36 42 49 111 242 266 283 335 373 558 575 642 653 730
? 15 4 36 42 49 111 242 340 373 501 558 575 642 653 710 730
? 15 21 36 39 42 49 111 199 230 283 373 385 483 558 567 653
? 15 21 36 39 42 49 111 199 230 242 283 373 558 567 642 653
? 15 21 39 49 73 111 199 219 230 283 352 373 385 483 552 567
? 15 21 36 49 73 111 199 219 230 283 352 373 385 483 552 567
? 15 21 36 39 42 49 111 199 230 283 373 385 483 552 558 567
? 15 21 36 39 49 73 111 199 219 230 283 352 373 385 552 567
? 15 5 25 61 98 126 166 314 344 349 382 608 665 693 758 789
? 15 48 61 94 126 166 222 292 344 349 393 395 608 609 665 674
? 15 25 98 166 222 292 314 344 349 382 393 395 609 674 693 789
? 15 61 94 126 166 222 292 344 349 393 395 608 609 665 674 789
? 15 25 61 98 166 222 292 344 349 382 393 395 609 674 693 789
? 15 5 48 55 59 64 126 166 349 376 382 608 665 745 758 789
? 15 5 48 55 59 64 98 166 349 376 382 393 665 745 758 789
? 15 5 48 55 59 64 166 222 349 376 382 393 665 745 758 789
? 15 5 48 55 59 64 166 222 349 376 393 395 665 745 758 789
? 15 5 48 55 59 64 166 222 292 344 349 376 393 395 665 758
? 15 5 48 55 59 64 166 222 292 344 349 376 393 395 665 758
? 15 5 48 55 59 64 166 222 292 344 349 376 393 395 665 758
? 15 5 48 61 94 166 222 292 344 349 393 395 609 665 674 758
? 15 5 48 61 94 166 222 292 344 349 393 395 609 665 674 758
? 15 13 22 32 118 391 410 415 434 523 571 611 629 639 713 780
? 15 24 72 78 122 123 164 174 249 288 367 378 403 415 500 629
? 15 24 72 78 122 123 164 174 249 288 367 378 403 415 500 629
? 15 13 24 72 78 122 123 164 174 249 288 367 403 415 500 629
? 15 24 72 78 122 123 164 174 249 288 367 378 403 415 500 629
? 15 13 24 32 78 122 123 249 288 367 378 415 500 523 629 780
? 15 24 72 78 122 123 164 174 249 288 367 378 403 415 500 629
? 15 13 24 32 72 78 122 123 249 288 367 378 415 500 629 780
? 15 13 24 72 78 118 174 288 367 391 403 410 415 500 571 629
? 15 13 22 32 118 288 391 410 415 500 523 571 611 629 713 780
? 15 13 24 72 78 118 288 367 391 410 415 434 500 571 629 780
? 15 13 22 32 118 288 391 410 415 434 523 571 611 629 713 780
? 15 13 22 32 118 288 391 410 415 434 523 571 611 629 713 780
? 15 13 22 32 118 288 391 415 434 500 523 571 611 629 713 780
? 15 7 52 88 163 169 177 196 285 353 377 551 585 731 764 797
? 15 52 69 88 163 169 171 177 196 285 294 494 551 585 590 731
? 15 52 69 88 163 169 171 177 196 245 285 585 590 731 764 797
? 15 7 52 69 88 163 169 177 245 285 339 353 377 401 551 731
? 15 52 69 88 169 171 177 196 245 285 287 585 590 731 764 797
? 15 7 52 163 169 177 287 294 339 353 377 401 407 494 551 797
? 15 52 69 88 163 169 171 177 196 245 285 287 585 731 764 797
? 15 7 52 69 163 169 177 196 287 294 339 401 494 551 731 797
? 15 52 69 88 163 169 171 177 196 245 285 287 585 590 731 764
? 15 52 69 88 169 171 177 196 245 285 287 585 590 731 764 797
? 15 52 69 88 169 171 177 196 245 285 287 585 590 731 764 797
? 15 52 69 88 169 171 177 196 245 285 287 585 590 731 764 797
? 15 8 46 50 152 182 191 194 337 436 439 482 538 566 607 617
? 15 8 46 50 152 182 194 337 439 481 482 527 538 607 617 782
? 15 46 50 146 152 182 194 276 337 439 481 482 527 538 617 782
? 15 8 46 146 182 191 276 436 439 481 482 492 538 566 581 607
? 15 8 46 115 182 191 436 439 481 482 492 538 566 581 606 607
? 15 50 115 146 182 191 276 337 436 439 481 566 581 606 617 782
? 15 50 115 146 152 182 194 337 436 439 481 527 566 581 617 782
? 15 8 46 115 146 182 276 436 439 481 482 492 538 566 581 607
? 15 46 115 146 152 182 194 276 436 439 481 482 492 527 566 581
? 15 46 115 146 152 182 194 276 436 439 481 482 492 527 566 581
? 15 50 115 146 152 182 194 337 436 439 481 527 566 581 617 782
? 15 50 115 146 152 182 194 337 436 439 481 527 566 581 617 782
? 15 9 44 131 232 241 256 295 322 438 442 561 676 691 728 739
? 15 9 28 44 91 107 232 241 256 295 322 442 452 513 561 676
? 15 9 28 44 91 107 241 295 322 400 442 452 513 635 670 676
? 15 9 44 131 232 241 256 295 400 438 442 561 676 691 728 739
? 15 9 44 131 232 241 256 295 400 438 442 561 676 691 728 739
? 15 9 28 44 91 241 256 295 322 400 442 452 513 635 670 676
? 15 9 44 91 131 232 241 256 295 400 442 513 561 635 676 728
? 15 9 44 131 232 241 256 295 400 438 442 561 676 691 728 739
? 15 9 44 131 232 241 256 295 400 438 442 561 676 691 728 739
? 15 9 28 44 131 232 241 256 295 322 400 561 670 676 728 739
? 15 9 28 44 107 131 232 241 256 295 322 400 452 561 670 676
? 15 10 168 210 252 364 392 467 486 524 529 549 556 601 723 744
? 15 10 60 89 168 210 252 277 364 392 486 524 529 549 601 723
? 15 10 89 168 210 252 364 392 467 486 524 529 549 601 723 744
? 15 43 60 89 121 168 210 252 277 336 392 486 549 565 601 729
? 15 43 60 89 121 168 210 252 277 336 392 486 549 565 601 729
? 15 10 168 210 252 364 392 467 486 524 529 549 556 601 723 744
? 15 43 60 89 121 168 252 277 336 392 486 529 549 565 601 729
? 15 43 60 89 121 168 252 277 336 392 486 529 549 565 601 729
? 15 43 60 89 121 168 252 277 336 392 486 529 549 565 601 729
? 15 43 60 89 121 168 252 277 364 392 486 529 549 565 601 729
? 15 43 60 89 121 168 210 252 277 364 392 486 529 549 565 601
? 15 12 14 128 159 347 381 487 490 499 540 603 664 690 751 783
? 15 12 14 128 159 347 381 487 489 490 499 603 664 690 751 783
? 15 12 14 128 159 347 381 487 489 490 499 603 664 690 751 783
? 15 12 14 128 159 257 347 381 487 489 490 499 664 690 751 783
? 15 14 128 257 365 383 444 487 489 499 540 563 664 743 751 783
? 15 14 128 257 365 383 444 487 489 499 540 563 664 743 751 783
? 15 14 128 257 365 383 444 487 489 499 540 563 664 743 751 783
? 15 12 14 128 257 347 383 487 489 499 563 664 690 743 751 783
? 15 14 128 257 365 383 444 487 489 499 540 563 664 743 751 783
? 15 14 128 257 365 383 444 487 489 499 540 563 664 743 751 783
? 15 14 128 257 347 383 444 487 489 499 540 563 664 743 751 783
? 15 11 26 56 135 137 186 327 414 471 479 534 597 628 644 791
? 15 11 26 56 135 137 186 214 327 414 471 479 628 644 647 791
? 15 11 26 56 137 186 214 327 414 471 479 534 597 628 644 791
? 15 11 26 56 137 186 327 345 429 471 479 534 597 628 640 644
? 15 11 26 137 186 327 345 429 471 479 534 597 628 640 644 791
? 15 26 56 135 137 186 214 327 345 414 429 479 640 647 722 791
? 15 11 26 56 137 186 327 345 429 471 479 534 628 640 644 791
? 15 11 26 135 137 142 214 327 345 414 429 479 640 644 647 722
? 15 11 26 56 137 186 327 345 429 471 479 534 597 628 640 644
? 15 11 26 135 137 214 327 345 414 429 471 479 640 644 647 722
? 15 11 26 135 137 214 327 345 414 429 471 479 640 644 647 722
? 15 17 155 160 226 262 308 346 432 543 614 622 749 766 784 794
? 15 17 84 155 160 226 262 308 346 432 543 622 749 766 784 794
? 15 17 84 155 160 226 262 308 346 432 456 543 622 749 766 794
? 15 17 84 90 160 226 308 346 386 432 456 543 749 766 784 794
? 15 17 84 90 160 262 308 346 386 432 433 456 543 614 619 794
? 15 17 155 160 226 262 308 346 432 433 543 619 622 749 766 784
? 15 17 84 90 155 160 226 262 308 346 386 432 456 543 622 794
? 15 17 155 160 226 262 308 346 432 433 543 619 622 749 766 784
? 15 17 155 160 226 262 308 346 432 433 614 619 622 749 766 784
? 15 17 84 90 155 160 226 262 308 346 386 432 456 543 622 794
? 15 19 57 80 190 209 225 309 366 424 449 586 602 621 645 658
? 15 19 57 80 190 299 309 328 366 396 424 449 602 621 645 658
? 15 19 57 80 190 299 309 328 366 396 449 586 602 621 645 658
? 15 19 57 80 190 299 309 328 366 396 424 449 602 621 645 658
? 15 19 57 80 190 299 309 328 366 396 424 449 602 621 645 658
? 15 19 57 80 190 299 309 328 366 396 424 449 602 621 645 658
? 15 19 57 80 190 209 225 309 328 366 449 586 602 621 645 658
? 15 19 57 80 190 209 225 309 328 366 449 586 602 621 645 658
? 15 19 57 80 190 299 309 328 366 396 449 586 602 621 645 658
? 15 23 54 100 133 206 212 312 317 417 435 478 491 554 755 775
? 15 23 54 100 133 206 212 312 317 417 435 478 554 695 755 775
? 15 23 54 100 133 206 212 312 317 417 435 478 554 695 755 775
? 15 23 54 100 133 206 212 312 317 417 435 478 491 554 695 775
? 15 23 54 100 133 150 206 212 312 317 417 435 478 491 554 695
? 15 23 54 100 133 150 206 212 312 317 417 478 491 695 755 775
? 15 23 54 100 133 150 206 212 312 317 417 478 491 554 695 755
? 15 23 54 100 133 150 206 212 312 317 417 435 478 491 554 695
? 15 20 29 227 329 422 472 497 539 548 553 582 620 652 675 790
? 15 20 29 227 329 422 472 497 539 548 553 582 620 652 675 790
? 15 20 29 189 227 329 422 472 497 539 548 553 582 620 652 790
? 15 20 29 189 227 329 422 462 472 497 539 548 553 582 652 790
? 15 20 29 189 227 329 422 462 472 497 539 548 553 582 652 790
? 15 20 29 189 227 329 422 472 497 539 548 553 582 620 652 790
? 15 20 29 189 227 329 422 462 472 497 539 553 582 652 675 790
? 15 20 29 189 329 422 462 472 497 539 553 582 620 652 675 790
? 15 34 40 81 158 244 265 281 303 323 406 425 446 591 685 738
? 15 34 40 81 158 244 265 281 303 323 406 425 446 591 685 738
? 15 34 40 81 158 265 281 303 323 406 425 446 591 685 692 738
? 15 34 40 81 158 244 265 281 303 323 406 425 446 591 685 738
? 15 34 40 81 158 244 265 281 303 323 406 425 591 685 692 738
? 15 34 40 81 158 244 265 281 303 323 406 425 591 685 692 738
? 15 34 40 81 158 244 265 281 303 323 406 425 446 591 685 738
? 15 34 40 81 158 244 265 281 303 323 406 425 591 685 692 738
? 15 461 773 769 792 727 583 279 254 369 99 451 38 350 767 37
? 15 108 93 651 457 718 149 715 776 324 301 342 600 71 636 35
? 14 700 247 326 375 448 362 264 223 573 509 420 259 485 45
? 13 239 286 464 770 394 788 578 671 289 419 473 450 51
? 13 484 330 779 463 416 469 460 709 507 138 568 610 58
? 13 224 200 136 577 220 588 70 511 228 756 694 505 65
? 13 428 113 258 173 183 627 740 656 545 604 430 354 62
? 13 188 387 272 768 304 261 290 508 147 752 198 388 53
? 11 579 605 542 139 550 626 255 631 341 726 66
? 11 270 325 778 761 351 774 431 144 732 167 83
? 11 708 541 475 526 753 703 678 180 584 704 77
? 11 140 132 699 156 623 683 318 455 203 696 68
? 11 707 714 361 181 559 217 101 633 141 705 79
? 10 562 338 495 572 564 518 454 643 411 97
? 9 679 625 546 712 787 673 763 533 104
? 8 251 358 638 298 536 273 649 116
? 8 260 762 477 734 374 618 596 117
? 7 204 402 379 746 193 667 659
? 7 781 760 480 315 284 418 143
? 6 443 412 267 211 777 145
? 6 319 544 218 772 175 165
? 5 357 547 560 248 208
? 5 413 669 297 310 202
? 5 129 785 570 440 233
? 5 331 663 580 307 238
? 4 302 528 510 207
? 4 363 650 771 31
? 3 6 525 306
? 3 637 313 311
? 3 470 574 275
? 15 0 16 18 76 92 162 178 179 187 237 240 359 595 711 719
? 15 0 16 18 76 92 178 179 187 237 240 359 654 677 687 711
? 15 110 153 154 263 278 316 384 426 493 519 520 589 748 754 757
? 15 153 263 278 343 368 384 426 427 465 474 530 681 717 748 757
? 15 153 263 278 343 368 384 426 427 465 474 530 681 717 748 757
? 15 153 263 278 343 368 384 426 427 465 493 530 681 717 748 757
? 15 153 263 278 343 368 384 426 427 465 474 493 530 681 748 757
? 15 110 114 153 154 195 201 263 316 356 493 519 520 589 598 754
? 15 153 161 216 236 250 263 502 512 555 593 613 648 698 702 796
? 15 161 176 216 250 321 466 502 555 593 594 613 632 698 735 796
? 15 153 161 201 236 263 356 493 502 512 519 520 589 593 648 702
? 15 0 16 18 76 92 178 237 240 278 359 384 595 711 748 757
? 15 30 114 170 195 360 408 459 476 531 576 598 641 724 737 754
? 15 161 176 216 250 321 466 502 555 594 613 632 646 698 735 796
? 15 110 154 161 201 250 316 356 493 502 519 520 555 589 598 754
? 15 124 125 176 216 280 321 466 532 594 632 646 662 735 741 796
? 15 110 154 161 201 250 316 356 493 502 519 520 555 589 613 698
? 15 161 176 216 250 280 493 502 519 520 555 589 613 698 735 796
? 15 96 124 125 176 216 305 321 466 532 594 632 646 662 735 741
? 15 15 47 96 106 119 124 234 305 332 496 506 624 630 661 662
? 15 15 47 96 106 119 124 234 305 332 496 506 624 630 661 662
? 15 47 96 124 125 305 321 332 466 506 532 594 632 646 662 741
? 15 82 161 176 216 250 280 493 502 504 555 589 613 698 735 796
? 15 82 161 176 216 250 280 493 502 504 555 589 613 698 735 796
? 15 15 47 96 106 119 124 234 305 332 496 506 630 634 662 742
? 15 125 176 216 280 321 466 532 594 613 632 646 698 735 741 796
? 15 30 114 170 195 360 408 459 476 531 576 598 641 724 737 754
? 15 114 161 195 216 250 476 502 531 555 589 598 613 698 754 796
? 15 30 114 170 195 360 408 459 476 531 576 598 641 724 737 754
? 15 30 114 161 170 195 408 459 476 531 576 589 598 641 724 754
? 15 30 114 161 170 195 408 459 476 531 576 589 598 641 724 754
? 15 30 114 161 170 195 408 459 476 531 576 589 598 641 724 754
? 15 110 154 161 201 250 316 356 493 502 519 520 555 589 613 698
? 15 110 154 161 201 250 316 356 493 502 519 520 555 589 613 698
? 15 110 154 161 201 250 316 356 493 502 519 520 555 589 613 698
? 15 0 16 76 153 236 263 278 384 426 512 595 648 702 748 757
? 15 0 16 18 76 153 237 240 263 278 384 426 595 711 748 757
? 15 16 18 76 92 157 162 178 179 187 237 240 359 711 719 765
? 15 0 16 18 76 92 157 178 237 240 359 384 595 711 719 748
? 15 0 16 18 76 237 240 263 278 384 399 426 595 711 748 757
? 15 0 16 18 76 153 237 240 263 278 384 426 595 711 748 757
? 15 0 16 134 153 236 263 274 278 384 426 512 595 648 748 757
? 15 86 151 205 221 231 300 397 445 488 624 655 661 682 697 736
? 15 86 151 205 221 231 300 397 445 488 624 655 661 682 697 736
? 15 86 124 205 221 231 300 305 397 445 488 624 661 662 682 736
? 15 86 124 151 205 221 231 300 397 445 488 624 661 662 682 697
? 15 86 96 124 205 221 231 300 305 397 445 488 624 661 662 682
? 15 86 124 205 221 231 300 397 445 488 624 655 661 662 682 736
? 15 47 96 124 125 176 305 321 466 532 594 632 646 662 735 741
? 15 47 96 124 125 305 321 466 506 532 594 632 646 662 735 741
? 15 47 96 124 125 305 321 466 496 506 532 594 632 646 662 741
? 15 47 96 124 125 305 466 496 506 532 630 632 634 646 662 741
? 15 47 96 124 125 305 398 496 506 522 532 630 634 662 742 793
? 15 15 47 96 106 119 234 332 398 496 506 522 630 634 742 793
? 15 15 47 96 105 106 112 119 234 332 371 409 506 515 706 795
? 15 15 47 96 106 119 234 332 398 496 506 515 630 634 742 793
? 15 15 47 96 105 106 112 119 234 332 371 496 506 515 706 795
? 15 15 47 96 106 112 119 234 332 371 496 506 515 630 634 706
? 15 15 47 96 106 119 124 125 234 305 466 506 532 646 662 741
? 15 15 47 96 106 119 124 125 234 305 466 506 532 646 662 741
? 15 30 114 161 170 195 408 459 476 502 531 576 589 598 641 754
? 15 0 16 76 153 236 240 263 278 384 426 512 595 648 748 757
? 15 0 16 18 76 92 178 237 240 274 359 384 595 711 719 748
? 15 0 16 18 76 92 178 179 237 240 274 359 384 595 711 748
? 15 1 95 127 243 268 296 333 355 437 458 514 592 616 720 798
? 15 33 127 148 243 268 296 333 355 390 437 458 514 616 720 725
? 15 33 127 148 243 268 296 333 355 437 458 514 616 720 725 798
? 15 1 95 127 243 268 296 333 355 437 458 514 592 616 720 798
? 15 33 127 148 243 268 296 333 355 390 437 458 514 616 720 725
? 15 2 33 148 215 253 333 355 390 437 447 458 514 672 720 725
? 15 2 33 148 172 215 253 291 333 355 390 437 447 672 720 725
? 15 33 127 243 268 296 333 355 405 437 458 514 592 616 720 798
? 15 1 95 127 243 268 296 333 355 405 458 514 592 616 720 798
? 15 2 103 148 172 185 197 215 253 291 293 390 447 498 672 725
? 15 2 103 148 172 185 197 215 253 291 293 348 390 447 498 672
? 15 2 103 172 185 197 215 253 291 293 348 498 537 612 615 672
? 15 2 33 148 172 215 253 333 355 390 405 437 447 672 720 725
? 15 2 41 85 103 172 185 215 253 291 293 517 537 615 672 759
? 15 2 41 85 103 172 185 215 253 291 293 517 537 612 615 759
? 15 2 41 85 103 172 185 215 253 291 293 348 498 517 537 759
? 15 2 33 148 172 215 253 291 333 355 390 405 437 447 672 725
? 15 2 41 85 103 172 185 197 215 253 291 293 498 517 537 759
? 15 41 85 103 172 185 197 215 291 293 348 498 537 612 615 759
? 15 41 85 103 185 197 215 291 293 348 498 517 537 612 615 759
? 15 3 63 87 213 389 404 468 503 516 535 666 680 686 721 733
? 15 63 87 184 213 235 246 370 389 404 423 468 503 516 535 686
? 15 3 63 87 109 271 372 389 404 468 516 569 666 680 721 733
? 15 3 63 87 109 271 389 404 468 516 569 666 680 686 721 733
? 15 3 63 87 109 271 372 389 404 468 516 569 666 680 721 733
? 15 63 102 184 213 235 246 370 423 441 503 516 535 599 686 786
? 15 3 87 109 271 372 389 404 421 468 516 569 666 680 721 733
? 15 3 63 87 102 271 389 404 468 516 569 666 680 686 721 733
? 15 67 74 120 184 213 235 246 282 370 423 441 535 557 599 786
? 15 67 74 120 184 213 235 246 282 370 423 441 521 557 599 786
? 15 3 63 87 102 389 404 468 503 516 535 666 680 686 721 733
? 15 63 87 102 184 213 235 246 370 423 441 468 503 516 535 686
? 15 63 87 102 184 213 235 246 370 389 423 468 503 516 535 686
? 15 67 74 120 235 282 370 441 453 521 557 599 657 716 750 786
? 15 67 74 120 235 282 370 441 453 521 557 599 657 716 750 786
? 15 63 87 102 184 213 235 246 370 389 423 468 503 516 535 686
? 15 67 74 120 184 213 235 246 282 370 423 441 535 557 599 786
? 15 67 74 120 184 213 235 246 282 370 423 441 521 557 599 786
? 15 67 74 120 235 282 370 441 453 521 557 599 657 716 750 786
? 15 4 27 242 266 335 380 558 575 587 642 653 688 730 747 799
? 15 4 27 42 242 266 335 380 558 575 587 642 653 730 747 799
? 15 4 27 42 242 266 335 380 558 575 587 642 653 730 747 799
? 15 4 27 42 242 266 335 380 558 575 587 642 653 688 730 747
? 15 4 27 42 242 266 335 380 558 575 587 642 653 730 747 799
? 15 4 27 242 266 335 380 558 575 587 642 653 688 730 747 799
? 15 21 36 39 42 49 73 111 199 219 230 283 352 373 552 567
!
334 668
668 334
331 663 580 307 238
238 307
307 331
307 580
331 663
461 773 769 792 727 583 279 254 369 99 451 38 350 767 37
37 350
37 767
38 254
38 279
38 369
99 767
279 350
279 451
451 773
461 773
583 727
583 769
769 773
769 792
701 660
701 660
260 762 477 734 374 618 596 117
117 618
117 734
260 762
374 596
374 618
477 734
477 762
782 617 50 337 194 527 152 191 115 606 581 492 436 566 182 146 276 481 439 538 46 482 607 8
115 606
191 581
8 482
8 607
46 538
46 482
46 492
146 276
439 492
50 337
50 782
115 566
115 581
146 481
152 194
152 527
182 439
182 481
337 617
436 566
439 566
527 581
527 782
396 299 225 586 209 645 658 57 80 190 621 309 449 602 424 328 366 19
424 449
209 225
209 586
19 366
19 449
57 80
57 658
80 190
80 621
190 602
299 328
299 396
309 449
309 602
328 366
586 645
621 645
444 365 743 383 257 489 14 664 563 540 487 499 128 783 381 603 159 751 690 347 490 12
381 603
12 490
159 381
159 690
12 690
347 690
365 540
14 487
14 540
128 499
128 664
257 383
257 743
347 751
383 489
444 540
487 499
563 783
664 743
664 783
751 783
224 200 136 577 220 588 70 511 228 756 694 505 65
65 505
65 694
65 756
70 228
70 588
136 200
136 220
220 228
224 588
228 511
505 511
577 694
428 113 258 173 183 627 740 656 545 604 430 354 62
62 183
62 430
62 627
113 258
113 428
173 258
173 545
183 656
354 604
430 604
545 656
545 740
270 325 778 761 351 774 431 144 732 167 83
83 167
83 774
144 167
144 431
270 325
270 761
270 778
351 774
351 778
431 732
150 775 212 554 100 312 435 417 133 755 695 491 478 317 54 206 23
417 775
206 755
23 206
23 695
54 478
54 695
100 312
100 554
133 212
133 317
150 491
206 317
212 417
312 417
312 435
478 491
484 330 779 463 416 469 460 709 507 138 568 610 58
58 568
58 610
138 460
138 463
330 507
416 484
416 507
460 709
463 610
469 484
469 709
507 779
43 336 729 565 89 121 60 277 601 210 549 252 168 486 392 524 744 467 723 364 529 556 10
10 524
10 556
10 723
467 723
467 744
524 529
336 729
121 729
43 364
60 89
89 277
89 601
121 601
168 252
168 486
210 252
252 549
277 565
364 529
392 486
392 529
549 601
391 611 571 639 118 22 434 410 32 415 13 780 72 403 174 249 78 24 367 164 122 123 288 378 500 629 713 523
629 639
164 174
24 249
122 123
122 378
123 367
72 403
174 403
24 78
24 367
72 78
367 500
391 410
13 415
13 780
22 523
22 611
32 523
32 713
32 780
118 391
118 571
288 500
288 629
415 571
415 629
434 780
363 650 771 31
31 650
363 650
363 771
129 785 570 440 233
129 785
233 570
233 785
440 570
692 738 591 281 406 323 40 81 265 244 685 446 425 158 303 34
40 446
34 303
34 425
40 265
40 323
81 685
158 281
158 591
244 406
265 303
281 425
281 738
323 685
406 685
692 738
302 528 510 207
207 510
207 528
302 528
319 544 218 772 175 165
165 175
165 218
165 772
319 544
544 772
214 647 414 135 56 142 722 26 534 640 345 429 644 137 186 327 628 597 471 479 791 11
186 791
142 640
11 628
56 640
186 479
471 534
534 597
11 471
11 644
26 327
26 640
135 214
135 647
137 429
137 479
137 644
214 414
327 479
345 429
414 722
640 722
453 657 716 521 750 557 423 370 282 74 120 67 786 235 599 441 503 680 389 184 213 535 246 686 63 516 468 102 372 271 87 109 421 569 721 404 666 733 3
109 271
109 372
421 569
271 569
389 569
3 666
3 721
389 404
404 666
680 733
721 733
63 102
63 686
87 468
87 516
102 516
389 468
503 535
503 686
213 535
184 246
213 246
213 423
370 423
67 120
67 599
74 282
74 599
235 370
282 557
370 441
441 786
453 657
453 750
521 557
521 716
599 786
716 750
41 517 85 759 498 197 537 291 293 348 103 612 185 615 172 215 253 672 2 148 447 725 390 355 437 33 405 720 333 514 458 616 268 592 296 798 127 243 95 1
1 95
1 592
127 268
127 616
243 296
268 296
458 514
458 720
458 798
514 616
592 798
333 720
2 672
33 437
148 390
148 672
148 725
333 355
333 405
355 437
390 447
437 725
2 253
215 253
172 215
41 293
41 759
85 197
103 185
103 293
185 498
185 615
197 498
215 291
291 537
293 537
348 498
517 759
612 615
700 247 326 375 448 362 264 223 573 509 420 259 485 45
45 264
223 259
223 509
247 375
247 700
259 485
264 362
264 420
326 448
326 573
375 448
420 485
509 573
187 179 162 719 92 512 236 408 724 106 119 234 15 706 795 105 409 515 112 371 398 96 522 793 742 634 630 496 332 506 305 47 488 655 151 205 445 697 682 736 86 231 397 300 221 274 134 18 237 399 178 157 229 765 359 711 240 76 16 493 519 520 316 154 110 170 459 641 576 30 737 114 360 476 531 195 754 741 532 662 176 82 321 504 632 594 466 624 124 661 125 216 646 735 502 698 796 280 613 250 555 161 702 598 278 757 426 589 153 593 648 263 356 201 384 368 465 343 474 427 717 681 530 748 687 677 654 595 0
229 765
0 687
654 677
654 687
368 717
343 427
343 474
368 530
368 681
427 465
465 681
681 748
502 593
593 702
82 504
504 735
176 216
280 796
216 796
698 796
360 737
476 737
408 724
110 154
154 316
201 356
201 520
250 555
250 613
316 520
493 519
493 589
502 555
519 520
613 698
648 702
162 187
178 765
179 187
157 719
399 711
16 134
151 697
445 697
86 397
86 445
205 397
221 682
231 445
231 488
300 488
300 682
445 736
624 661
655 736
661 662
661 682
176 735
466 735
321 594
321 632
466 632
522 742
409 706
398 742
398 793
634 742
105 795
706 795
47 332
96 515
112 371
112 706
371 515
496 506
496 630
630 634
15 234
47 96
47 506
96 305
106 234
119 234
119 506
124 305
124 662
125 532
125 646
125 662
466 646
532 741
30 459
114 195
114 476
114 531
114 598
161 502
161 589
170 408
170 459
459 641
476 576
576 641
589 754
598 754
153 263
153 648
236 512
263 426
278 384
278 757
426 757
512 648
92 719
0 16
0 274
0 595
16 76
18 237
18 711
76 240
92 178
92 179
178 359
240 711
359 711
384 748
595 748
251 358 638 298 536 273 649 116
116 649
251 273
273 358
298 536
298 638
358 536
536 649
443 412 267 211 777 145
145 211
145 777
211 443
267 777
412 777
637 313 311
311 637
313 637
94 674 61 609 344 59 64 376 55 745 395 292 222 126 393 166 608 314 693 98 789 349 382 25 48 665 758 5
314 693
25 693
98 693
126 608
166 608
98 382
382 789
55 745
349 789
55 59
55 376
59 64
376 665
5 48
48 665
48 758
61 94
61 674
166 349
166 393
222 393
222 395
292 758
344 395
344 609
349 665
609 674
781 760 480 315 284 418 143
143 284
284 480
315 418
315 781
418 760
480 760
684 320
684 320
75 689
689 75
707 714 361 181 559 217 101 633 141 705 79
79 141
101 217
101 705
141 705
181 217
181 559
361 559
559 707
633 705
707 714
357 547 560 248 208
208 248
208 547
248 357
357 560
708 541 475 526 753 703 678 180 584 704 77
77 678
77 704
180 678
180 703
475 526
475 541
475 753
526 703
584 704
584 708
620 790 227 472 539 548 329 422 652 582 189 462 553 675 29 497 20
422 548
227 422
20 29
20 497
29 553
29 675
189 675
329 422
329 652
462 553
472 539
472 582
497 539
582 620
582 790
652 790
385 483 39 552 73 352 219 21 199 230 567 501 710 340 283 373 111 130 36 49 269 558 653 42 266 242 642 587 335 747 799 27 575 380 730 688 4
130 36
36 269
340 501
373 710
501 710
385 483
199 385
42 558
4 266
4 730
27 380
27 587
242 575
242 642
335 730
335 747
558 653
575 730
575 799
587 642
587 688
642 653
21 552
21 567
36 42
36 49
39 552
49 111
73 352
73 552
111 373
199 230
219 352
230 567
283 373
283 567
171 590 764 585 88 285 52 196 731 69 245 177 287 797 169 407 401 339 163 494 294 551 377 353 7
353 377
353 401
377 407
7 294
7 494
163 551
294 339
401 494
494 551
163 169
52 177
52 797
69 177
69 731
88 245
88 285
169 287
171 285
177 196
177 287
245 590
285 585
285 731
585 764
188 387 272 768 304 261 290 508 147 752 198 388 53
53 198
53 290
147 261
147 304
188 272
188 387
188 508
198 388
261 752
304 387
304 768
388 752
204 402 379 746 193 667 659
193 667
204 379
379 402
402 667
402 746
659 746
6 525 306
6 525
306 525
140 132 699 156 623 683 318 455 203 696 68
68 696
68 699
132 203
132 318
140 203
156 455
156 623
318 455
318 699
623 683
108 93 651 457 718 149 715 776 324 301 342 600 71 636 35
35 71
35 636
93 108
108 651
149 715
149 776
301 324
301 342
301 776
342 457
342 600
457 636
457 718
651 718
579 605 542 139 550 626 255 631 341 726 66
66 726
139 542
139 550
255 341
255 626
255 726
341 579
341 631
550 626
579 605
679 625 546 712 787 673 763 533 104
104 533
104 673
533 712
533 763
546 712
625 787
673 679
673 787
413 669 297 310 202
202 310
297 413
297 669
310 669
192
90 456 614 433 619 84 386 794 543 160 308 622 346 784 749 226 155 432 766 262 17
160 433
160 614
226 766
433 619
749 766
749 784
17 346
17 432
84 386
84 456
90 456
155 622
160 308
160 543
226 432
262 346
262 622
308 432
386 794
543 794
239 286 464 770 394 788 578 671 289 419 473 450 51
51 473
51 671
239 770
286 578
289 419
289 464
289 473
394 671
394 788
419 450
464 578
770 788
562 338 495 572 564 518 454 643 411 97
97 411
97 495
338 495
338 564
411 454
518 572
518 643
562 572
564 643
470 574 275
275 574
470 574
107 28 322 452 739 438 400 691 728 131 256 232 241 44 561 295 635 670 513 91 676 442 9
91 513
91 635
442 635
400 442
438 739
691 739
131 728
728 739
9 400
9 676
28 322
28 670
44 256
44 295
107 452
131 232
232 561
241 295
241 676
256 561
322 452
400 670
