? 14 38 43 89 103 126 251 264 277 465 568 574 649 725 790
? 14 0 38 43 89 103 119 126 251 277 349 574 649 676 790
? 14 38 43 89 103 126 251 264 277 293 465 574 649 725 790
? 14 38 43 89 103 126 251 264 277 293 465 574 649 725 790
? 14 43 103 126 251 264 293 383 465 561 568 649 725 742 790
? 14 0 38 43 89 103 119 200 251 277 349 522 574 676 790
? 14 0 38 43 103 119 126 200 251 349 522 574 649 676 790
? 14 0 43 103 119 126 251 264 293 349 383 465 649 725 790
? 14 0 43 103 119 126 200 251 264 349 383 465 649 676 790
? 14 0 43 103 119 126 251 264 293 349 383 465 649 676 790
? 14 43 126 264 293 331 357 383 414 465 561 649 725 742 790
? 14 43 126 264 293 331 357 383 414 465 561 649 725 742 790
? 14 43 126 264 293 331 357 383 414 465 561 649 725 742 790
? 14 1 97 153 233 381 424 446 544 559 584 637 641 681 685
? 14 23 97 217 285 326 381 446 483 526 573 641 714 721 781
? 14 97 153 217 233 285 326 381 446 526 559 573 641 714 781
? 14 97 217 285 326 381 424 446 526 544 584 641 685 714 781
? 14 97 153 217 233 285 326 381 446 526 559 573 641 714 781
? 14 23 169 217 285 326 381 483 526 573 577 641 714 721 781
? 14 1 97 153 217 233 326 381 446 559 577 637 641 681 685
? 14 97 153 217 233 285 326 381 446 559 577 637 641 681 781
? 14 97 217 285 326 381 424 446 526 577 584 641 685 714 781
? 14 23 97 169 217 285 326 381 483 573 577 641 714 721 781
? 14 23 97 169 217 285 326 381 483 573 577 641 714 721 781
? 14 97 153 217 233 285 326 381 446 526 559 577 637 641 681
? 14 23 97 169 217 285 326 381 483 573 577 641 714 721 781
? 14 2 16 27 114 159 175 183 215 291 337 454 500 525 633
? 14 16 27 114 175 183 187 215 291 337 454 500 564 633 718
? 14 2 16 27 114 159 175 183 187 215 291 337 454 500 525
? 14 2 16 27 114 159 175 183 187 215 291 337 454 500 525
? 14 2 16 27 114 175 183 187 215 291 454 500 525 633 718
? 14 27 28 114 258 291 434 454 564 567 581 588 633 646 718
? 14 27 28 114 258 291 434 454 564 567 581 588 633 646 718
? 14 27 28 114 258 291 434 454 564 567 581 588 633 646 718
? 14 16 28 114 183 258 291 434 500 564 567 581 588 646 718
? 14 27 28 114 258 291 434 454 564 567 581 588 633 646 718
? 14 16 28 114 159 175 183 215 258 291 337 500 567 588 646
? 14 2 16 28 114 159 175 183 187 215 258 291 337 500 646
? 14 3 39 42 171 185 242 243 342 432 493 565 612 703 748
? 14 3 39 42 171 185 242 243 342 403 432 565 612 703 748
? 14 3 39 42 171 185 194 242 243 403 432 565 612 703 748
? 14 3 39 42 171 185 242 243 342 403 493 565 612 703 748
? 14 3 39 42 171 185 242 243 342 403 493 612 623 703 748
? 14 3 39 42 171 185 242 243 342 403 493 612 623 703 748
? 14 39 42 171 194 243 342 432 565 612 623 703 748 759 789
? 14 39 42 171 194 243 342 432 493 565 612 623 703 748 789
? 14 39 42 171 194 243 342 432 565 612 623 703 748 759 789
? 14 4 40 202 223 227 262 312 399 519 532 690 697 735 766
? 14 4 40 202 223 227 262 312 364 469 519 679 690 735 766
? 14 4 40 202 223 227 262 312 364 469 519 532 690 735 766
? 14 4 40 202 223 227 312 399 469 519 532 690 697 735 766
? 14 4 40 202 223 227 312 364 399 469 519 532 690 735 766
? 14 4 40 202 223 227 312 364 399 469 519 690 697 735 766
? 14 4 40 202 223 227 312 399 469 519 532 690 697 735 766
? 14 4 40 202 223 227 312 399 469 519 532 690 697 735 766
? 14 5 6 173 203 236 388 443 460 492 514 524 557 675 747
? 14 5 6 173 203 236 388 443 460 492 514 524 557 675 747
? 14 5 6 34 173 203 236 388 443 460 492 495 514 675 747
? 14 5 6 34 173 203 236 388 443 460 492 495 514 675 747
? 14 5 6 34 173 203 236 388 443 460 514 524 557 675 747
? 14 5 6 34 203 236 388 443 460 492 495 514 524 675 747
? 14 5 6 34 173 203 236 388 443 460 492 495 514 675 747
? 14 5 6 34 173 203 236 388 443 460 492 495 514 675 747
? 14 96 487 647 593 661 412 774 352 297 619 737 401 386 8
? 14 622 674 170 435 494 90 59 404 688 201 286 283 360 7
? 14 538 552 511 362 88 683 570 332 204 102 281 144 445 10
? 14 440 304 461 655 757 92 716 313 391 136 701 448 26 9
? 13 603 734 176 195 51 376 664 321 317 15 182 35 12
? 13 346 139 733 466 756 753 354 668 551 53 653 422 11
? 12 234 358 749 531 124 164 368 104 209 554 278 13
? 11 717 37 520 106 583 722 579 473 705 256 14
? 11 320 586 138 339 408 95 754 149 613 327 18
? 11 77 792 475 254 783 755 86 457 207 711 17
? 10 390 66 627 318 31 650 237 123 677 19
? 10 631 670 246 115 417 41 523 785 130 20
? 10 606 67 253 353 160 420 471 62 569 22
? 10 338 624 345 486 222 550 796 643 411 24
? 10 155 415 468 537 245 736 370 497 91 21
? 9 630 147 591 374 273 708 488 441 32
? 9 696 379 794 652 238 729 786 140 25
? 9 463 384 639 425 228 799 602 496 29
? 9 405 745 316 180 556 687 665 467 30
? 8 517 439 188 673 763 636 174 47
? 8 543 61 715 761 513 226 407 48
? 8 560 265 287 121 249 693 667 46
? 8 132 779 772 178 307 503 83 49
? 8 248 255 214 600 378 98 706 36
? 8 387 453 377 635 211 409 260 50
? 8 127 428 431 235 161 609 300 33
? 8 128 610 597 782 257 528 743 44
? 8 290 421 515 464 272 129 301 45
? 7 157 596 334 267 545 575 56
? 7 75 74 365 369 510 710 60
? 7 450 58 634 336 191 261 52
? 7 271 680 436 240 542 795 63
? 7 306 765 252 491 84 324 54
? 7 165 509 651 279 117 280 55
? 7 751 547 476 666 580 788 553
? 6 348 599 163 728 536 72
? 6 739 199 154 617 541 70
? 6 642 562 105 315 507 71
? 6 396 430 351 372 269 68
? 6 406 158 294 709 587 73
? 6 589 87 462 793 704 65
? 6 506 720 444 521 319 478
? 6 78 719 458 224 671 244
? 6 455 626 366 308 172 64
? 6 438 707 292 303 134 79
? 6 662 335 576 398 614 69
? 6 270 395 628 196 241 80
? 5 601 505 116 648 85
? 5 535 726 146 189 94
? 5 247 654 333 389 82
? 5 672 638 274 190 81
? 5 373 607 225 730 101
? 5 418 546 325 516 99
? 5 767 210 206 777 100
? 4 416 197 611 120
? 4 314 540 563 141
? 4 502 447 548 57
? 4 442 684 644 108
? 4 162 340 549 143
? 4 798 698 427 145
? 4 231 625 212 113
? 4 323 621 449 118
? 4 110 482 713 107
? 4 437 758 566 112
? 4 288 769 770 111
? 4 578 402 778 137
? 4 694 498 221 109
? 4 305 282 768 131
? 4 218 239 776 125
? 4 298 193 678 133
? 4 518 499 250 135
? 4 608 489 477 699
? 4 413 512 213 148
? 3 310 686 259
? 3 343 347 166
? 3 474 572 230
? 3 426 640 452
? 3 724 620 93
? 3 229 530 727
? 3 615 268 150
? 3 750 571 179
? 3 385 712 156
? 3 658 219 618
? 3 302 692 152
? 3 423 595 181
? 3 731 344 220
? 3 582 605 168
? 3 341 762 184
? 3 490 533 656
? 3 322 669 216
? 3 359 472 192
? 3 645 459 208
? 3 555 266 186
? 3 198 394 367
!
76
740
387 453 377 635 211 409 260 50
50 260
211 453
211 635
260 409
377 387
377 453
409 635
373 607 225 730 101
101 225
101 730
225 607
373 607
413 512 213 148
148 213
148 512
213 413
310 686 259
259 686
310 686
767 210 206 777 100
100 206
100 777
206 210
210 767
271 680 436 240 542 795 63
63 240
63 795
240 542
271 680
436 542
542 680
132 779 772 178 307 503 83 49
49 83
49 132
49 503
83 178
307 503
503 779
772 779
604 470
604 470
543 61 715 761 513 226 407 48
48 407
61 715
61 761
226 407
226 513
513 543
543 715
630 147 591 374 273 708 488 441 32
32 441
147 591
147 630
273 441
273 591
374 708
441 488
488 708
474 572 230
230 474
230 572
760
731 344 220
220 344
344 731
658 219 618
219 658
618 658
418 546 325 516 99
99 325
99 546
418 516
418 546
695
594
773
798 698 427 145
145 427
145 698
145 798
270 395 628 196 241 80
80 241
80 270
196 241
196 628
395 628
162 340 549 143
143 549
162 340
340 549
744 456
744 456
775
438 707 292 303 134 79
79 134
134 303
134 707
292 303
438 707
320 586 138 339 408 95 754 149 613 327 18
18 327
18 754
95 138
95 149
138 339
138 408
149 613
320 586
327 613
339 586
780 356
780 356
657 504
657 504
78 719 458 224 671 244
78 671
224 244
244 671
458 719
671 719
405 745 316 180 556 687 665 467 30
30 467
180 316
180 687
316 745
405 556
405 745
467 665
467 687
502 447 548 57
57 548
447 502
447 548
517 439 188 673 763 636 174 47
47 763
174 188
174 763
188 439
517 673
636 673
636 763
314 540 563 141
141 314
141 540
141 563
75 74 365 369 510 710 60
60 510
60 710
74 75
74 710
365 369
365 510
506 720 444 521 319 478
319 521
444 521
444 720
478 720
506 720
322 669 216
216 669
322 669
357 331 414 522 561 568 293 725 465 264 383 742 649 126 790 43 251 103 38 574 89 200 676 119 277 349 0
568 742
89 277
89 574
38 574
200 522
251 574
200 676
0 349
0 676
43 103
103 251
119 251
119 349
43 790
126 649
126 790
264 383
264 465
293 465
331 357
331 414
383 649
383 742
414 561
465 725
561 742
645 459 208
208 459
208 645
276 429
276 429
406 158 294 709 587 73
73 587
158 406
158 587
294 587
294 709
689 539
689 539
560 265 287 121 249 693 667 46
46 667
121 249
249 667
249 693
265 287
265 560
287 667
764
603 734 176 195 51 376 664 321 317 15 182 35 12
12 35
12 51
15 51
15 664
35 176
35 603
51 195
176 182
176 734
317 321
317 664
376 664
258 567 588 434 581 564 718 633 646 28 454 27 291 114 16 500 215 183 187 175 337 159 525 2
2 525
27 454
434 581
454 633
564 581
564 718
581 588
633 718
258 567
567 588
2 187
16 183
16 337
28 258
28 646
114 291
114 500
159 337
175 187
175 215
183 215
183 500
291 646
538 552 511 362 88 683 570 332 204 102 281 144 445 10
10 445
10 683
88 204
88 511
102 281
102 445
144 281
204 332
332 683
362 511
538 552
538 570
570 683
495 34 492 460 524 557 747 6 173 236 675 514 388 443 203 5
524 557
460 524
5 203
5 388
6 173
6 236
34 747
203 675
236 675
388 514
443 514
443 747
460 675
492 495
492 747
480
490 533 656
490 533
490 656
578 402 778 137
137 578
137 778
402 778
198 394 367
198 367
198 394
723
359 472 192
192 359
192 472
518 499 250 135
135 499
250 499
250 518
77 792 475 254 783 755 86 457 207 711 17
17 86
17 711
77 475
86 783
207 711
254 475
254 783
457 711
755 783
755 792
298 193 678 133
133 678
193 678
298 678
682
305 282 768 131
131 768
282 305
282 768
590 732
590 732
218 239 776 125
125 776
218 239
239 776
338 624 345 486 222 550 796 643 411 24
24 411
24 550
222 643
338 345
338 624
345 486
486 550
550 796
643 796
348 599 163 728 536 72
72 536
72 599
163 536
163 728
348 599
558 659
558 659
608 489 477 699
477 608
489 608
489 699
741 393
741 393
787 392
787 392
535 726 146 189 94
94 146
94 189
189 726
535 726
751 547 476 666 580 788 553
476 547
476 580
547 553
553 751
580 666
580 788
601 505 116 648 85
85 648
116 505
116 648
505 601
771
642 562 105 315 507 71
71 507
105 315
105 507
105 562
315 642
142
290 421 515 464 272 129 301 45
45 301
129 272
129 290
129 301
272 515
421 464
464 515
555 266 186
186 266
186 555
416 197 611 120
120 611
197 416
197 611
508
479 382
479 382
632 380
632 380
739 199 154 617 541 70
70 199
70 541
154 541
154 617
617 739
717 37 520 106 583 722 579 473 705 256 14
14 256
37 520
37 717
106 579
106 583
106 705
256 473
256 705
520 583
579 722
323 621 449 118
118 323
118 621
449 621
629
341 762 184
184 341
184 762
440 304 461 655 757 92 716 313 391 136 701 448 26 9
9 26
9 448
9 757
26 136
92 313
92 716
136 391
304 440
304 461
313 391
448 701
461 655
655 757
346 139 733 466 756 753 354 668 551 53 653 422 11
11 422
11 551
53 422
139 346
139 733
346 466
354 466
354 653
354 753
422 653
466 756
668 753
752
177
202 690 766 312 40 532 399 227 697 679 364 469 519 262 735 223 4
364 679
262 735
364 469
4 223
4 469
4 735
40 312
40 532
202 690
202 766
227 312
227 399
227 766
399 697
519 735
519 766
791 784
791 784
433 375
433 375
284
759 194 432 565 623 493 39 789 703 42 748 243 171 612 342 403 242 185 3
3 185
3 242
185 403
403 748
342 493
39 703
42 623
42 789
171 243
171 342
194 432
194 565
194 759
243 748
565 703
612 623
612 748
703 789
157 596 334 267 545 575 56
56 545
56 575
157 334
157 596
267 575
334 545
606 67 253 353 160 420 471 62 569 22
22 569
62 160
62 569
67 569
67 606
160 353
160 420
253 420
420 471
363 232
363 232
738
423 595 181
181 595
423 595
691
483 721 526 637 169 23 573 544 584 714 781 285 326 577 217 641 559 424 685 233 153 97 446 381 681 1
544 584
1 681
424 584
424 685
446 685
97 446
153 233
153 446
153 637
153 681
233 559
285 526
23 169
23 573
97 381
217 326
217 577
285 326
285 781
381 641
483 721
573 714
577 641
714 721
714 781
419
662 335 576 398 614 69
69 614
335 576
335 662
398 614
576 614
165 509 651 279 117 280 55
55 280
117 279
117 651
165 509
279 280
509 651
371 361
371 361
306 765 252 491 84 324 54
54 324
54 491
84 324
252 306
252 765
491 765
750 571 179
179 571
571 750
128 610 597 782 257 528 743 44
44 257
44 528
44 743
128 610
257 782
597 610
597 782
231 625 212 113
113 212
113 625
231 625
463 384 639 425 228 799 602 496 29
29 228
29 496
29 602
228 425
384 463
384 639
425 639
602 799
700 350
700 350
501 585
501 585
702 328
702 328
724 620 93
93 620
620 724
426 640 452
426 640
452 640
592
400 167
400 167
330 481
330 481
534
437 758 566 112
112 566
112 758
437 758
288 769 770 111
111 770
288 770
769 770
696 379 794 652 238 729 786 140 25
25 729
25 786
140 238
140 696
238 786
238 794
379 652
379 729
663 299
663 299
247 654 333 389 82
82 333
82 389
247 389
333 654
582 605 168
168 605
582 605
694 498 221 109
109 221
109 694
221 498
248 255 214 600 378 98 706 36
36 98
36 706
98 378
214 600
248 255
255 600
378 600
234 358 749 531 124 164 368 104 209 554 278 13
13 278
13 554
104 278
104 368
124 749
164 368
164 531
209 554
234 358
358 368
531 749
598
122
355 296
355 296
529
155 415 468 537 245 736 370 497 91 21
21 91
21 468
91 370
91 497
155 537
245 736
415 537
468 537
497 736
484 295
484 295
343 347 166
166 347
343 347
797
385 712 156
156 385
156 712
96 487 647 593 661 412 774 352 297 619 737 401 386 8
8 386
8 401
96 487
297 401
297 619
352 412
352 774
401 774
412 661
487 593
593 647
593 661
619 737
451 289
451 289
622 674 170 435 494 90 59 404 688 201 286 283 360 7
7 360
59 90
59 201
59 494
90 435
170 286
201 688
283 286
283 360
283 494
286 674
404 688
622 674
450 58 634 336 191 261 52
52 191
52 261
58 336
191 450
191 634
336 634
396 430 351 372 269 68
68 269
68 372
269 351
351 430
396 430
329
205
589 87 462 793 704 65
65 704
65 793
87 462
462 589
462 793
672 638 274 190 81
81 190
81 274
190 638
638 672
127 428 431 235 161 609 300 33
33 235
33 300
127 428
127 431
161 431
161 609
300 609
309
397
660 275
660 275
410 263
410 263
485
151
746
527
442 684 644 108
108 644
108 684
442 684
311
631 670 246 115 417 41 523 785 130 20
20 115
20 246
41 417
115 130
130 785
246 631
246 670
417 523
523 785
110 482 713 107
107 713
110 482
482 713
302 692 152
152 302
152 692
616
455 626 366 308 172 64
64 172
64 626
172 308
366 455
366 626
229 530 727
229 530
229 727
615 268 150
150 268
268 615
390 66 627 318 31 650 237 123 677 19
19 677
31 627
31 650
66 627
123 237
123 390
123 650
237 677
318 627
