? 10 0 156 174 212 450 476 517 724 734 773
? 10 0 156 212 450 476 489 517 724 734 773
? 10 0 156 174 345 347 517 519 724 734 773
? 10 0 156 174 212 476 517 519 724 734 773
? 10 0 156 212 345 347 476 517 519 724 773
? 10 0 156 174 212 450 476 517 724 734 773
? 10 15 42 198 256 277 489 496 514 553 582
? 10 42 256 277 402 453 489 514 531 610 731
? 10 15 42 198 256 277 402 496 582 610 731
? 10 15 42 198 256 277 402 496 582 610 731
? 10 0 42 156 174 256 277 489 514 724 734
? 10 0 42 156 174 256 277 489 514 519 731
? 10 42 256 277 402 453 489 531 561 610 731
? 10 0 42 156 174 256 277 489 514 561 731
? 10 1 125 133 243 311 424 630 681 705 742
? 10 72 184 214 285 330 412 512 535 566 644
? 10 1 220 248 424 505 630 674 681 705 758
? 10 1 72 214 220 330 412 512 630 644 705
? 10 1 72 214 220 412 512 630 644 687 706
? 10 72 184 214 330 412 512 535 566 644 752
? 10 1 220 248 311 424 505 630 644 681 705
? 10 125 133 243 248 311 424 505 644 681 742
? 10 1 220 248 505 630 644 687 705 706 758
? 10 125 133 243 248 311 424 505 644 681 742
? 10 1 125 133 220 243 248 505 630 644 706
? 10 72 184 214 285 330 412 512 535 566 752
? 10 72 184 214 285 330 412 512 535 566 752
? 10 72 184 214 220 330 412 512 535 644 752
? 10 2 18 62 121 136 236 291 369 471 509
? 10 2 22 121 136 291 471 497 509 547 651
? 10 2 22 121 136 291 509 547 660 729 777
? 10 18 33 175 236 369 395 485 542 573 713
? 10 18 33 62 175 236 369 471 485 542 573
? 10 18 22 121 236 471 485 542 631 660 729
? 10 18 33 62 175 236 369 485 542 573 713
? 10 18 22 121 236 471 485 542 631 660 729
? 10 18 22 121 236 485 542 547 631 660 729
? 10 2 22 121 136 291 471 509 547 729 777
? 10 2 22 121 136 291 471 509 547 651 729
? 10 18 22 121 236 471 485 542 631 660 729
? 10 18 33 62 175 369 542 573 631 660 729
? 10 29 144 205 206 454 536 564 629 692 697
? 10 90 109 144 205 206 255 454 537 667 736
? 10 29 90 109 144 205 206 255 454 692 697
? 10 29 90 109 144 205 206 255 454 692 697
? 10 90 109 144 205 206 255 537 629 667 736
? 10 29 90 109 144 206 454 537 564 692 697
? 10 29 90 109 144 206 454 524 564 692 697
? 10 90 109 144 205 206 255 524 629 667 736
? 10 16 109 144 197 206 419 454 524 564 594
? 10 16 90 109 144 197 205 206 419 524 594
? 10 16 90 109 144 197 205 206 255 524 594
? 10 4 54 75 217 245 249 284 293 337 525
? 10 4 54 75 110 217 249 284 293 337 416
? 10 54 100 110 148 187 217 416 427 468 794
? 10 4 54 75 245 249 284 293 337 416 525
? 10 4 54 75 245 249 284 293 337 416 525
? 10 4 54 75 245 249 284 293 337 416 525
? 10 4 54 75 245 249 284 293 337 416 525
? 10 4 54 75 217 245 249 284 293 337 416
? 10 4 54 75 245 249 284 293 416 525 565
? 10 4 54 75 249 284 337 386 416 475 565
? 10 5 11 14 58 204 367 380 447 602 652
? 10 5 11 14 58 204 367 380 447 602 652
? 10 10 11 14 58 76 380 447 602 625 654
? 10 5 11 14 58 76 204 367 447 602 652
? 10 5 10 11 14 58 76 204 367 447 602
? 10 5 10 14 58 76 204 367 447 602 654
? 10 5 10 11 14 58 76 204 367 447 602
? 10 5 10 12 76 137 203 361 474 544 654
? 10 5 10 12 76 137 204 367 474 544 654
? 10 5 10 12 76 137 204 367 474 544 654
? 10 6 127 141 288 297 487 515 614 719 793
? 10 6 127 141 288 297 487 515 614 653 768
? 10 6 127 141 288 297 487 515 614 719 768
? 10 6 141 288 297 487 614 653 719 768 793
? 10 6 127 141 288 515 614 653 719 768 793
? 10 6 32 141 279 374 659 703 722 768 779
? 10 32 141 297 374 487 659 703 722 768 779
? 10 6 32 141 279 288 374 515 659 703 779
? 10 6 127 141 288 515 653 659 719 779 793
? 10 8 152 250 278 479 619 709 753 780 788
? 10 8 41 479 486 619 694 699 709 753 761
? 10 8 479 486 619 668 694 699 709 753 761
? 10 8 41 152 479 486 619 694 699 753 761
? 10 8 152 250 278 479 486 619 761 780 788
? 10 8 152 278 486 619 668 694 709 761 780
? 10 8 41 250 479 486 619 699 753 761 788
? 10 8 41 152 479 486 619 699 753 761 780
? 10 7 43 147 180 269 298 385 502 751 770
? 10 7 43 147 180 269 298 385 502 751 770
? 10 7 43 147 269 298 324 385 502 751 770
? 10 7 43 147 180 298 324 385 431 502 770
? 10 7 43 147 180 324 385 410 431 738 751
? 10 7 43 147 269 298 324 431 502 751 770
? 10 7 43 298 324 385 431 502 738 751 770
? 10 7 26 43 298 324 385 431 502 574 738
? 10 13 48 158 164 316 391 511 595 633 727
? 10 13 48 158 164 316 391 511 595 721 727
? 10 13 48 107 158 164 316 511 595 721 727
? 10 13 48 69 107 272 331 511 595 714 721
? 10 13 48 69 107 272 316 511 595 714 721
? 10 13 48 69 107 272 331 511 595 714 721
? 10 13 69 164 272 316 511 595 633 714 727
? 10 13 48 69 107 272 316 511 595 714 721
? 10 9 87 165 224 239 257 286 459 506 571
? 10 9 87 165 224 239 257 286 459 506 571
? 10 9 77 87 224 239 286 459 506 571 741
? 10 9 87 224 239 286 459 506 571 707 741
? 10 9 77 87 145 224 286 459 671 741 743
? 10 9 77 87 145 224 286 459 671 741 743
? 10 9 87 165 224 257 286 459 506 671 707
? 10 77 87 145 165 257 459 506 671 741 743
? 10 17 149 163 190 223 336 456 482 590 680
? 10 163 190 223 234 336 456 482 521 590 613
? 10 163 190 223 234 336 482 521 590 613 772
? 10 17 163 190 223 336 456 521 590 613 680
? 10 163 190 223 234 336 456 521 590 613 680
? 10 163 190 223 229 234 336 521 590 613 772
? 10 17 114 149 163 223 456 482 521 613 680
? 10 163 190 223 229 234 336 521 590 613 772
? 10 24 89 333 409 445 448 469 478 495 606
? 10 24 89 95 333 445 469 478 495 606 650
? 10 24 89 95 333 445 469 478 495 606 650
? 10 68 95 333 400 409 445 448 478 495 650
? 10 24 68 89 333 445 469 478 495 606 650
? 10 68 95 333 400 409 445 448 478 495 650
? 10 68 95 333 400 409 445 448 478 495 650
? 10 20 35 56 80 126 362 500 656 670 745
? 10 20 35 56 126 171 362 500 656 670 745
? 10 20 35 56 126 362 373 500 656 749 782
? 10 20 56 80 362 373 500 656 670 745 782
? 10 20 56 80 171 362 373 656 670 745 749
? 10 20 35 56 80 126 362 373 656 670 749
? 10 20 35 56 80 126 362 373 656 670 749
? 10 23 117 252 356 375 464 556 587 640 747
? 10 23 111 117 375 464 550 556 640 747 783
? 10 23 111 252 356 375 464 556 587 640 747
? 10 23 111 252 356 464 556 587 640 666 747
? 10 23 111 117 375 464 550 556 640 747 783
? 10 23 111 117 375 464 550 556 640 747 783
? 10 23 111 252 375 464 556 640 666 747 783
? 10 19 106 199 207 343 364 415 510 555 563
? 10 106 199 207 343 349 364 415 510 529 563
? 10 106 199 343 349 364 415 510 563 621 786
? 10 106 199 207 343 349 364 415 510 529 563
? 10 106 199 343 349 364 415 510 563 621 786
? 10 106 199 207 343 349 364 415 510 529 563
? 10 106 199 207 343 349 415 510 529 555 563
? 10 21 44 99 263 320 384 396 399 449 463
? 10 44 83 99 263 320 384 396 399 449 463
? 10 44 83 99 263 320 384 443 449 484 658
? 10 44 83 99 263 320 384 396 443 449 463
? 10 44 83 99 263 320 384 399 443 449 463
? 10 44 83 99 263 320 384 399 443 449 463
? 10 44 83 99 263 320 384 399 443 449 463
? 10 25 64 138 231 326 518 558 686 701 756
? 10 25 64 138 231 254 326 346 518 558 686
? 10 25 64 138 231 326 346 558 686 701 756
? 10 25 64 138 231 254 326 346 518 558 686
? 10 25 64 138 231 254 326 346 518 558 686
? 10 25 64 138 169 231 254 326 346 518 558
? 10 153 219 334 344 423 466 549 551 567 643
? 10 153 219 280 334 344 423 466 549 551 643
? 10 153 219 280 334 344 423 466 549 551 643
? 10 28 153 219 334 344 423 549 567 570 643
? 10 28 153 219 334 344 423 466 549 567 643
? 10 28 153 219 280 334 344 466 549 551 643
? 10 27 146 241 267 338 490 503 655 754 797
? 10 73 146 213 267 338 490 503 592 655 754
? 10 73 146 213 267 338 490 503 592 754 797
? 10 27 73 146 241 267 338 490 503 655 797
? 10 27 73 146 241 267 338 490 655 754 797
? 10 73 146 213 267 338 490 503 592 655 797
? 10 30 91 193 251 270 327 581 663 698 767
? 10 30 91 124 193 251 270 327 581 586 698
? 10 30 91 124 193 251 270 327 586 698 767
? 10 30 91 124 193 251 270 327 581 663 698
? 10 30 91 124 193 251 270 581 663 698 767
? 10 30 91 124 193 251 270 327 581 586 698
? 10 31 53 104 262 308 329 357 390 588 589
? 10 31 53 82 104 262 308 329 357 390 588
? 10 31 53 82 104 262 308 329 357 588 589
? 10 31 53 82 104 262 308 329 357 588 589
? 10 31 53 82 104 262 308 329 357 390 588
? 10 34 49 96 131 195 258 421 451 452 458
? 10 34 49 96 131 195 258 421 451 452 458
? 10 34 49 96 131 195 258 414 421 452 458
? 10 34 49 96 131 258 414 421 451 452 458
? 10 34 49 96 131 195 258 414 421 452 458
? 10 562 690 78 303 559 322 718 120 221 38
? 10 281 557 289 639 438 274 634 750 74 36
? 10 665 170 376 370 465 140 178 112 627 37
? 9 216 401 363 368 295 492 791 597 40
? 9 225 260 647 501 135 433 491 769 50
? 9 294 775 420 132 455 394 760 261 45
? 9 762 113 142 798 608 679 47 702 46
? 9 436 730 522 282 435 684 440 93 39
? 9 552 744 227 622 354 177 359 296 51
? 9 649 732 765 122 352 259 266 268 52
? 8 461 63 79 247 472 616 240 57
? 8 781 748 432 543 355 725 504 59
? 8 715 105 108 378 480 796 527 185
? 7 235 494 541 351 312 664 67
? 7 483 228 244 98 593 168 65
? 7 299 774 576 341 648 211 523
? 7 154 397 740 569 309 317 66
? 7 155 572 377 499 417 437 60
? 7 467 726 81 799 208 233 626
? 7 86 470 201 584 728 403 71
? 7 462 323 696 534 404 353 84
? 6 209 304 578 645 398 102
? 6 372 677 383 538 442 101
? 6 160 159 444 246 620 97
? 6 387 162 568 532 575 94
? 6 673 776 585 759 689 92
? 6 300 691 763 292 413 103
? 6 611 139 283 371 632 115
? 6 275 305 460 545 546 85
? 6 116 313 88 723 720 577
? 5 222 321 678 755 712
? 5 218 310 350 539 119
? 5 635 265 314 457 143
? 5 3 202 392 342 134
? 5 526 172 182 196 150
? 5 129 426 408 360 118
? 5 637 186 708 598 128
? 4 237 382 365 166
? 4 328 560 624 157
? 4 188 662 604 179
? 4 548 669 711 161
? 4 530 757 661 477
? 4 428 189 657 151
? 4 688 615 388 176
? 4 683 393 716 167
? 4 583 389 778 173
? 3 717 61 230
? 3 641 737 318
? 3 340 339 191
? 3 488 682 192
? 3 685 407 273
? 3 693 785 315
? 3 618 554 307
? 3 603 591 306
? 3 599 429 183
? 3 434 508 287
? 3 795 787 301
? 3 232 710 194
? 3 441 533 200
? 3 733 789 264
? 3 238 617 210
? 3 242 335 215
? 3 290 430 253
? 3 623 498 276
? 3 439 766 302
? 3 181 642 226
!
600 612
600 612
530 757 661 477
477 757
530 661
530 757
641 737 318
318 737
641 737
406
781 748 432 543 355 725 504 59
59 504
59 543
355 432
355 725
432 748
543 725
748 781
601
693 785 315
315 693
693 785
618 554 307
307 618
554 618
603 591 306
306 591
591 603
229 772 521 190 613 336 223 234 590 163 482 114 456 680 149 17
17 114
17 149
17 680
456 613
456 680
482 613
163 521
163 613
190 223
190 336
223 521
223 772
229 772
234 336
336 590
526 172 182 196 150
150 172
150 526
172 196
182 196
649 732 765 122 352 259 266 268 52
52 732
52 765
122 268
122 352
259 268
259 765
266 352
649 732
123
735
562 690 78 303 559 322 718 120 221 38
38 221
38 322
78 562
78 690
120 221
221 718
303 690
322 559
690 718
418
636 411
636 411
771
188 662 604 179
179 662
188 604
604 662
611 139 283 371 632 115
115 283
139 632
283 632
371 611
371 632
461 63 79 247 472 616 240 57
57 240
57 616
63 247
63 472
63 616
79 472
461 472
446
55
462 323 696 534 404 353 84
84 353
323 462
323 534
353 404
404 696
534 696
439 766 302
302 766
439 766
552 744 227 622 354 177 359 296 51
51 296
177 296
177 354
227 354
354 622
359 552
359 622
552 744
688 615 388 176
176 615
388 688
615 688
513
746
68 95 495 409 333 478 448 445 89 400 650 606 469 24
24 89
24 469
469 606
478 606
68 400
68 495
95 409
95 448
333 445
333 495
400 409
445 650
478 650
86 470 201 584 728 403 71
71 403
86 470
201 470
201 584
403 584
584 728
583 389 778 173
173 389
173 778
583 778
635 265 314 457 143
143 265
265 314
314 457
314 635
3 202 392 342 134
3 202
134 342
134 392
202 392
467 726 81 799 208 233 626
81 726
208 233
208 726
233 799
467 626
626 726
666 783 550 111 117 556 464 640 375 587 747 252 356 23
356 587
587 640
117 550
550 783
23 556
111 375
111 747
111 783
252 666
464 556
464 640
464 747
640 666
795 787 301
301 787
301 795
434 508 287
287 508
434 508
638 493
638 493
685 407 273
273 685
407 685
225 260 647 501 135 433 491 769 50
50 135
50 433
50 501
135 491
135 769
225 260
260 769
491 647
637 186 708 598 128
128 598
186 637
186 708
598 708
235 494 541 351 312 664 67
67 494
67 541
235 494
312 351
312 664
541 664
358
700 596
700 596
330 184 285 72 512 742 125 133 424 505 758 248 243 311 681 214 566 412 687 706 630 220 674 752 535 644 705 1
674 705
644 758
687 706
705 758
243 742
311 424
424 681
681 742
1 220
125 133
125 243
220 630
243 505
248 505
248 644
630 706
72 566
285 566
72 214
72 512
184 330
184 535
214 330
220 752
412 512
412 752
644 752
405
280 551 567 334 643 466 423 219 344 549 153 570 28
153 570
153 423
423 567
28 344
28 551
153 549
219 344
219 466
280 551
334 549
334 643
344 643
300 691 763 292 413 103
103 292
103 300
292 763
300 413
413 691
154 397 740 569 309 317 66
66 569
154 740
309 397
317 397
317 740
397 569
222 321 678 755 712
222 755
321 712
678 712
678 755
83 263 449 99 384 320 463 443 484 658 44 399 396 21
21 399
443 658
484 658
320 396
44 320
44 443
83 99
99 263
99 384
263 449
320 384
399 463
443 463
675
483 228 244 98 593 168 65
65 98
65 593
98 228
168 483
228 244
244 483
299 774 576 341 648 211 523
211 523
211 576
211 648
299 341
341 648
576 774
762 113 142 798 608 679 47 702 46
46 47
46 113
47 608
113 142
142 762
608 702
679 702
702 798
481
155 572 377 499 417 437 60
60 417
60 437
60 499
155 499
377 499
417 572
739
594 16 419 704 564 667 736 524 90 255 537 109 144 629 29 692 697 536 454 205 206 197
704 536
144 536
90 537
29 697
454 692
692 697
255 629
629 667
667 736
206 454
454 564
419 594
16 594
90 144
90 205
109 206
109 524
144 206
197 524
197 594
205 255
507 605
507 605
733 789 264
264 733
733 789
290 430 253
253 290
253 430
218 310 350 539 119
119 350
218 310
218 539
350 539
373 126 80 670 171 35 656 56 782 749 362 745 500 20
500 782
745 782
171 745
373 745
20 362
35 126
35 749
56 656
56 670
80 362
362 373
373 656
656 749
332
683 393 716 167
167 716
393 683
393 716
665 170 376 370 465 140 178 112 627 37
37 665
112 140
112 627
140 170
170 376
178 627
370 376
370 465
627 665
717 61 230
61 717
230 717
181 642 226
181 642
226 642
96 131 451 258 452 414 49 458 421 195 34
451 452
34 49
34 421
34 458
49 96
131 258
131 414
131 452
195 421
414 458
623 498 276
276 498
498 623
209 304 578 645 398 102
102 304
102 398
209 645
304 578
578 645
349 106 364 199 621 786 343 415 510 207 529 563 555 19
19 555
343 786
621 786
349 364
106 199
199 343
199 349
207 563
343 415
415 510
510 563
529 563
555 563
586 124 767 327 698 270 91 663 581 251 193 30
251 663
698 767
30 193
91 124
91 270
124 698
193 251
193 270
251 581
327 586
327 698
242 335 215
215 242
242 335
238 617 210
210 238
210 617
372 677 383 538 442 101
101 372
372 383
372 677
383 538
442 538
646
160 159 444 246 620 97
97 246
97 444
97 620
159 620
160 444
387 162 568 532 575 94
94 568
94 575
162 532
387 568
532 575
441 533 200
200 441
200 533
232 710 194
194 232
232 710
308 589 357 53 82 329 588 390 104 262 31
308 589
31 262
53 308
53 357
82 329
82 390
104 262
104 588
329 588
357 588
237 382 365 166
166 365
166 382
237 382
271
475 386 565 100 245 293 54 187 416 110 75 427 337 148 468 794 217 249 525 284 4
100 148
110 217
110 468
148 187
187 427
416 794
427 468
217 416
75 293
245 293
245 525
4 75
4 284
54 249
54 416
75 416
249 337
386 475
416 565
475 565
70
425
129 426 408 360 118
118 426
129 360
129 426
408 426
488 682 192
192 488
488 682
516
592 213 73 338 503 267 797 241 146 754 655 490 27
27 241
27 655
267 754
73 338
73 503
146 490
146 797
213 592
267 338
267 490
338 592
490 655
548 669 711 161
161 711
548 711
669 711
340 339 191
191 339
191 340
127 374 703 722 659 279 32 779 653 768 288 515 719 793 141 297 487 614 6
6 614
297 487
487 768
703 722
722 768
32 659
32 703
279 288
374 659
6 141
6 288
127 515
141 719
288 515
653 659
659 779
659 793
719 793
673 776 585 759 689 92
92 689
585 776
673 689
673 776
689 759
107 714 272 69 331 721 48 391 511 316 164 633 727 158 595 13
391 721
158 511
331 595
164 727
316 727
633 727
13 511
13 595
48 721
69 511
69 714
107 721
272 714
272 721
316 595
743 145 671 77 741 571 286 239 707 87 506 459 257 165 224 9
239 459
239 571
9 224
9 286
87 707
286 459
77 145
77 741
87 459
87 506
145 743
165 257
165 741
257 506
671 741
792
473
580
281 557 289 639 438 274 634 750 74 36
36 74
74 750
274 281
274 750
281 557
289 557
438 639
634 639
634 750
328 560 624 157
157 328
157 560
560 624
628 381
628 381
699 41 486 694 761 753 250 788 152 479 668 278 709 780 619 8
8 694
278 619
619 709
668 780
250 788
479 788
8 619
8 761
41 699
152 619
152 780
479 486
479 753
486 761
699 753
294 775 420 132 455 394 760 261 45
45 261
132 760
132 775
261 760
294 420
394 420
394 760
455 775
216 401 363 368 295 492 791 597 40
40 597
216 295
216 597
295 791
363 368
363 401
401 791
492 597
599 429 183
183 429
183 599
474 203 12 361 137 654 10 544 76 625 447 367 204 58 380 602 14 11 652 5
58 380
58 625
76 652
11 447
14 58
14 602
58 367
447 602
203 361
361 474
5 10
5 76
10 654
12 474
76 204
76 544
137 474
137 544
204 367
609 379
609 379
528 366
528 366
26 574 738 410 431 269 751 502 770 180 324 43 147 385 298 7
147 180
180 410
147 324
269 751
7 751
298 770
7 324
7 502
26 574
43 324
43 431
298 502
385 431
385 738
431 574
130
715 105 108 378 480 796 527 185
105 480
105 796
108 480
185 527
185 715
378 480
480 527
695
676 790
676 790
436 730 522 282 435 684 440 93 39
39 282
39 730
93 440
93 730
282 522
282 684
435 684
436 730
428 189 657 151
151 189
151 657
189 428
561 402 453 531 731 610 256 277 582 496 198 42 514 15 553 489 450 174 476 345 519 347 734 212 773 517 156 724 0
345 347
345 519
212 476
212 773
450 734
517 724
517 773
496 553
15 198
15 582
42 496
496 582
0 724
489 734
156 519
402 453
402 610
531 610
610 731
0 156
0 174
42 277
42 489
174 514
256 277
256 731
489 514
561 731
764 348
764 348
573 713 485 631 729 660 777 22 547 121 471 62 18 395 542 175 33 369 236 651 509 672 497 136 291 2
672 497
2 497
395 713
573 713
729 777
2 136
2 291
121 547
136 509
291 547
509 651
22 121
22 729
121 471
236 485
485 542
18 542
18 631
33 175
33 573
62 369
175 369
542 573
631 660
660 729
607
116 313 88 723 720 577
88 313
88 720
88 723
116 313
116 577
422
169 346 254 64 518 686 701 756 138 326 231 558 25
25 756
138 701
25 686
25 558
64 231
64 254
64 346
138 169
138 326
169 346
231 518
326 558
540
784 325
784 325
579
275 305 460 545 546 85
85 460
275 546
305 460
305 546
460 545
520 319
520 319
