? 9 244 250 436 543 633 696 703 722 724
? 9 15 210 250 367 452 543 696 703 796
? 9 250 367 426 452 543 633 696 724 796
? 9 244 367 426 436 543 633 696 722 796
? 9 244 367 426 436 543 633 696 722 796
? 9 15 16 135 210 304 405 452 703 790
? 9 15 16 135 210 304 370 452 702 703
? 9 15 16 79 135 141 210 304 370 790
? 9 15 16 79 135 141 210 304 370 703
? 9 15 16 79 135 141 210 304 370 790
? 9 15 16 79 135 141 210 304 370 790
? 9 15 16 79 135 141 210 304 370 790
? 9 23 28 71 82 95 139 343 384 547
? 9 23 71 82 95 139 239 240 343 547
? 9 1 71 82 95 139 188 239 240 343
? 9 1 28 71 82 95 139 260 384 547
? 9 1 28 71 82 95 139 260 384 547
? 9 44 50 117 181 198 209 356 408 467
? 9 1 23 71 82 95 139 239 260 343
? 9 44 50 117 181 198 209 356 408 467
? 9 1 23 44 50 139 181 198 343 547
? 9 44 50 117 139 181 198 356 467 547
? 9 1 23 44 50 82 139 198 260 547
? 9 2 4 103 120 128 505 611 632 691
? 9 2 4 103 120 128 505 611 632 691
? 9 2 4 103 120 128 505 611 632 691
? 9 2 4 103 110 120 128 535 611 632
? 9 47 110 204 205 486 535 640 739 788
? 9 47 110 204 205 486 535 640 739 788
? 9 204 205 339 344 445 523 535 634 739
? 9 47 204 205 339 486 523 535 640 788
? 9 47 110 204 339 344 486 523 535 640
? 9 47 110 204 205 339 486 523 535 640
? 9 2 4 47 103 128 204 535 611 640
? 9 3 75 293 456 481 622 718 763 778
? 9 75 293 329 396 456 461 465 718 763
? 9 75 293 329 396 456 465 622 718 778
? 9 293 329 396 456 461 613 622 681 718
? 9 293 396 415 456 461 536 613 671 763
? 9 3 75 293 329 396 465 622 718 778
? 9 75 293 329 396 415 456 465 622 718
? 9 75 293 396 415 456 461 465 622 718
? 9 75 293 396 415 456 461 465 671 718
? 9 5 34 65 197 387 531 545 552 749
? 9 5 57 65 197 531 545 552 603 753
? 9 5 34 197 360 387 545 603 749 753
? 9 5 57 197 311 391 531 545 603 753
? 9 5 34 197 360 387 545 603 749 753
? 9 5 57 65 197 531 545 552 603 753
? 9 5 65 197 311 391 531 545 552 753
? 9 6 35 37 137 193 292 473 504 563
? 9 6 35 37 137 193 292 473 563 672
? 9 6 35 37 137 193 292 473 504 563
? 9 6 35 37 137 193 292 473 504 563
? 9 35 37 125 138 473 508 578 631 672
? 9 6 35 37 125 137 473 508 631 672
? 9 6 35 37 125 137 473 508 631 672
? 9 8 107 298 345 528 554 574 723 736
? 9 58 107 153 276 298 345 528 554 574
? 9 58 107 153 276 298 345 528 554 574
? 9 107 122 153 199 298 345 528 554 723
? 9 58 122 199 276 298 345 528 554 574
? 9 58 122 199 276 298 345 528 554 574
? 9 58 122 199 276 298 345 528 554 574
? 9 7 83 105 150 267 295 409 740 771
? 9 7 83 105 150 267 295 409 740 771
? 9 7 83 105 150 267 295 314 409 740
? 9 7 83 105 150 267 295 314 409 771
? 9 7 17 224 267 295 314 409 614 690
? 9 7 17 83 105 267 295 314 409 614
? 9 7 17 83 105 224 267 295 314 409
? 9 12 20 91 133 220 294 499 752 777
? 9 12 20 48 91 133 220 469 658 752
? 9 12 20 48 91 133 294 499 658 777
? 9 12 20 48 91 133 220 469 658 752
? 9 12 20 48 91 133 469 499 658 752
? 9 12 20 48 91 133 220 499 658 777
? 9 159 169 234 335 459 549 728 748 792
? 9 11 159 169 234 335 459 549 728 792
? 9 11 159 169 234 335 459 549 728 792
? 9 11 159 169 234 335 459 549 728 792
? 9 64 169 335 438 459 549 728 756 792
? 9 11 64 169 335 438 459 549 728 792
? 9 9 43 63 84 429 475 488 515 757
? 9 9 43 63 84 429 475 488 515 757
? 9 43 63 219 223 475 488 615 742 757
? 9 9 43 63 84 219 475 488 615 757
? 9 43 63 219 223 475 488 615 742 757
? 9 43 63 84 219 223 475 488 615 757
? 9 10 56 152 203 251 390 432 458 575
? 9 10 56 152 203 251 390 432 458 676
? 9 10 56 152 251 318 432 451 458 676
? 9 10 56 203 251 390 432 458 575 618
? 9 10 56 152 203 251 432 458 575 618
? 9 10 56 203 251 390 432 458 575 618
? 9 14 96 115 130 179 431 534 667 707
? 9 14 96 130 179 225 324 431 534 667
? 9 96 130 179 225 236 324 431 534 667
? 9 96 115 130 179 225 236 431 667 707
? 9 96 130 179 225 236 324 431 534 667
? 9 14 96 130 179 225 324 534 667 707
? 9 13 24 70 407 468 688 698 721 725
? 9 13 231 407 468 688 721 725 729 780
? 9 13 24 70 231 468 688 698 721 725
? 9 13 24 70 231 407 468 698 721 725
? 9 13 24 70 231 468 688 721 725 780
? 9 13 24 70 231 468 688 721 725 729
? 9 21 340 355 412 539 568 665 734 797
? 9 19 21 355 412 539 568 665 734 743
? 9 19 21 340 355 539 665 734 743 797
? 9 19 21 340 355 539 665 734 743 797
? 9 19 21 355 412 539 568 665 734 743
? 9 18 123 253 303 330 472 526 620 695
? 9 18 123 253 303 330 472 502 620 695
? 9 18 123 253 303 330 472 502 526 620
? 9 18 123 253 303 330 472 502 526 620
? 9 18 123 253 303 330 472 502 526 620
? 9 27 263 296 312 443 584 610 735 755
? 9 27 263 296 351 443 584 610 735 755
? 9 27 263 312 351 443 584 610 735 755
? 9 27 263 312 351 443 584 610 735 755
? 9 27 263 312 351 443 584 610 735 755
? 9 26 72 319 333 586 648 654 680 706
? 9 26 72 266 319 333 586 648 680 706
? 9 26 72 266 319 333 586 648 680 706
? 9 72 266 319 333 586 648 654 680 706
? 9 26 72 266 319 333 586 648 680 706
? 9 22 73 99 132 430 483 512 544 750
? 9 22 73 99 132 389 430 483 512 750
? 9 22 73 99 132 389 430 483 512 750
? 9 22 73 99 132 389 430 512 544 750
? 9 22 73 99 132 389 430 483 512 750
? 9 29 127 271 446 591 625 656 670 717
? 9 127 271 446 553 591 625 656 670 717
? 9 29 127 271 446 553 625 656 670 717
? 9 127 271 446 553 591 625 656 670 717
? 9 127 271 446 553 591 625 656 670 717
? 9 69 113 171 277 399 424 571 573 607
? 9 69 113 171 277 399 424 571 573 607
? 9 69 113 171 277 399 571 573 607 727
? 9 69 113 171 399 424 571 573 607 727
? 9 69 113 171 399 424 571 573 607 727
? 9 31 195 270 362 509 583 646 711 745
? 9 31 195 362 509 542 583 646 711 745
? 9 31 195 362 509 542 583 646 711 745
? 9 31 195 362 509 542 583 646 711 745
? 9 31 195 362 509 542 583 646 711 745
? 9 25 93 226 354 411 490 562 623 744
? 9 25 93 226 354 411 490 623 710 744
? 9 25 93 226 354 490 562 623 710 744
? 9 25 93 226 354 490 562 623 710 744
? 9 25 93 226 354 490 562 623 710 744
? 9 497 289 652 619 684 338 550 606 39
? 9 116 46 126 572 425 478 529 291 40
? 9 145 194 732 464 630 211 417 114 378
? 9 602 501 484 437 678 643 577 97 32
? 9 363 590 637 142 148 782 149 442 41
? 9 90 720 704 316 433 511 381 498 33
? 8 264 388 741 284 645 661 94 45
? 8 136 172 689 359 764 414 168 42
? 7 307 268 627 769 435 477 66
? 7 290 372 799 460 781 760 60
? 7 692 506 112 216 479 255 600
? 7 663 383 146 758 660 669 61
? 7 285 305 206 537 635 184 54
? 7 160 522 273 233 392 300 52
? 7 232 342 229 173 513 770 51
? 7 492 62 471 59 555 530 53
? 7 599 592 249 679 638 496 55
? 6 350 214 259 444 397 74
? 6 213 377 375 283 644 87
? 6 246 336 245 274 700 77
? 6 196 448 185 674 257 78
? 6 491 317 413 402 422 92
? 6 482 581 772 310 641 89
? 6 766 500 428 533 134 76
? 6 315 189 131 585 200 88
? 6 462 121 439 697 373 100
? 6 487 605 347 673 693 67
? 6 705 773 737 254 98 659
? 6 328 540 694 81 140 80
? 6 369 642 453 166 144 68
? 6 221 341 565 129 218 86
? 6 510 147 616 175 217 85
? 5 272 177 776 155 101
? 5 306 495 608 187 106
? 5 751 566 532 733 102
? 5 582 302 186 594 109
? 5 494 463 493 178 119
? 5 754 651 489 713 170
? 5 793 715 767 288 0
? 5 258 664 323 385 124
? 5 419 779 376 768 118
? 4 485 783 480 157
? 4 241 628 798 167
? 4 156 382 154 470
? 4 687 326 541 416
? 4 521 143 449 162
? 4 775 560 787 158
? 4 212 237 207 174
? 4 252 675 400 161
? 4 457 357 450 551
? 4 308 795 227 248
? 4 503 514 371 165
? 4 738 334 202 163
? 3 395 320 192
? 3 569 265 215
? 3 386 709 191
? 3 261 570 208
? 3 517 364 701
? 3 281 366 182
? 3 597 589 247
? 3 558 601 243
? 3 434 398 242
? 3 668 337 256
? 3 677 348 176
? 3 358 394 269
? 3 108 427 238
? 3 520 365 180
? 3 286 731 262
? 3 730 299 235
? 3 282 379 183
? 3 595 322 230
? 3 604 190 380
? 3 38 466 228
? 3 666 151 626
? 3 313 636 222
? 9 244 367 426 436 543 633 696 722 796
? 9 244 250 367 426 543 633 696 722 796
? 9 244 367 426 436 543 633 696 722 796
? 9 210 250 367 426 452 633 696 724 796
? 9 15 16 79 135 141 210 304 370 703
? 9 15 16 79 135 141 210 304 370 790
? 9 244 367 426 436 543 633 696 722 796
? 9 15 16 79 141 210 304 405 452 703
? 9 15 16 79 141 210 304 405 452 791
? 9 15 16 79 135 210 304 370 702 790
? 9 15 16 79 135 210 304 370 702 790
? 9 15 79 135 210 370 405 452 702 790
? 9 1 23 71 82 139 188 198 239 260
? 9 1 23 71 82 139 198 239 260 547
? 9 1 23 44 50 95 139 198 260 547
? 9 1 23 71 82 139 188 198 239 260
? 9 44 50 117 181 209 356 408 467 547
? 9 1 23 44 50 139 181 198 260 547
? 9 1 23 44 50 139 198 209 260 547
? 9 1 23 71 82 188 239 240 260 343
? 9 44 50 117 139 181 198 356 467 547
? 9 23 44 50 117 139 181 198 356 547
? 9 1 23 44 50 139 198 260 408 547
? 9 2 4 103 120 128 505 611 632 691
? 9 2 4 103 120 128 204 535 611 632
? 9 2 4 103 120 128 505 535 611 632
? 9 47 110 204 205 339 486 535 640 788
? 9 47 110 204 205 339 486 535 640 788
? 9 47 110 204 205 339 486 535 640 788
? 9 47 110 204 339 486 523 535 640 739
? 9 47 110 204 339 486 535 634 640 788
? 9 47 110 204 339 445 486 535 634 640
? 9 47 204 205 339 344 486 523 535 739
? 9 2 4 103 120 128 505 535 611 632
? 9 3 293 329 396 456 481 622 718 778
? 9 293 329 396 415 456 461 622 671 718
? 9 293 396 415 456 461 536 613 671 681
? 9 75 293 396 415 456 461 465 671 718
? 9 75 293 396 415 456 461 465 671 718
? 9 75 293 396 465 474 613 622 718 763
? 9 75 293 329 396 465 613 622 718 778
? 9 75 293 329 396 465 536 622 718 778
? 9 75 293 329 396 465 613 622 681 718
? 9 5 65 197 311 391 531 545 552 753
? 9 5 57 65 197 311 531 545 603 753
? 9 5 34 197 360 387 545 603 749 753
? 9 5 65 197 311 391 531 545 552 753
? 9 5 34 197 360 387 545 603 749 753
? 9 5 65 197 311 391 531 545 552 753
? 9 5 65 197 311 391 531 545 603 753
? 9 6 35 37 137 138 193 473 504 563
? 9 6 35 37 137 138 193 292 473 563
? 9 6 35 37 137 138 193 292 473 563
? 9 6 35 37 137 138 193 292 473 563
? 9 6 35 37 137 138 193 473 563 672
? 9 6 35 37 137 138 292 473 508 672
? 9 6 35 37 125 137 473 508 631 672
? 9 8 122 199 298 345 528 554 723 736
? 9 107 122 153 199 298 345 528 554 574
? 9 107 122 153 199 298 345 528 554 723
? 9 107 122 153 199 298 345 528 554 574
? 9 58 122 153 199 276 554 574 723 736
? 9 107 122 153 199 298 345 528 554 574
? 9 107 122 153 199 298 345 528 554 574
? 9 7 83 105 224 267 295 314 690 771
? 9 7 17 83 105 267 295 314 409 614
? 9 7 17 83 105 267 295 314 409 614
? 9 7 17 83 105 267 295 314 409 614
? 9 7 17 150 224 267 314 409 740 771
? 9 7 17 105 224 267 295 314 409 614
? 9 7 17 224 267 295 314 409 614 690
? 9 12 20 48 91 133 220 294 499 777
? 9 12 20 48 91 133 220 499 658 752
? 9 12 20 48 91 133 164 469 658 752
? 9 12 20 48 91 133 164 220 499 777
? 9 12 20 48 91 133 164 294 499 777
? 9 12 20 48 91 133 164 220 658 752
? 9 64 169 335 438 459 549 728 756 792
? 9 11 64 159 234 335 549 728 748 792
? 9 64 169 335 438 459 549 728 756 792
? 9 64 169 335 438 459 549 728 756 792
? 9 11 64 159 234 335 549 728 748 792
? 9 64 169 335 438 459 549 728 756 792
? 9 9 43 63 84 219 475 488 615 757
? 9 9 43 63 84 219 429 488 615 757
? 9 9 43 63 84 219 429 488 515 615
? 9 9 63 84 219 223 429 488 515 742
? 9 9 63 84 219 223 488 515 615 742
? 9 9 43 63 84 219 429 488 615 757
? 9 10 56 203 251 390 432 458 575 618
? 9 10 56 152 203 251 318 432 458 575
? 9 10 56 152 203 251 318 432 458 575
? 9 10 56 203 251 390 432 458 575 618
? 9 10 56 152 203 251 318 432 458 676
? 9 10 56 203 251 390 432 458 575 618
? 9 14 96 130 179 225 324 431 534 667
? 9 14 96 130 179 225 324 431 534 667
? 9 96 130 179 225 236 431 534 667 707
? 9 14 96 115 130 179 225 324 534 707
? 9 96 130 179 225 236 324 431 534 667
? 9 96 130 179 225 236 324 431 534 667
? 9 13 24 70 231 407 468 698 721 725
? 9 13 24 70 231 407 468 698 721 725
? 9 13 24 70 231 407 468 688 721 725
? 9 13 24 70 231 407 468 698 721 725
? 9 13 24 70 231 407 468 698 721 725
? 9 13 231 407 468 688 721 725 729 780
? 9 19 21 340 355 412 539 665 734 743
? 9 19 21 340 355 539 665 734 743 797
? 9 19 21 340 355 412 539 665 734 797
? 9 19 21 355 412 539 568 665 734 743
? 9 19 21 355 412 539 568 665 734 743
? 9 18 123 253 330 472 502 526 620 695
? 9 18 123 253 303 330 472 502 526 620
? 9 18 123 253 303 330 472 620 695 714
? 9 18 123 253 303 330 472 526 620 714
? 9 18 123 253 303 330 472 526 620 714
? 9 27 263 312 351 443 584 610 735 755
? 9 27 263 312 351 443 584 610 735 755
? 9 27 263 296 351 443 584 610 735 755
? 9 27 263 312 351 443 584 610 735 755
? 9 27 263 312 351 443 584 610 735 755
? 9 26 72 266 319 333 586 648 680 706
? 9 72 266 319 333 586 648 654 680 706
? 9 26 72 266 319 333 586 648 680 706
? 9 72 266 319 333 586 648 654 680 706
? 9 26 72 266 319 333 586 648 680 706
? 9 22 73 99 132 389 483 512 544 750
? 9 22 73 99 132 389 430 483 512 750
? 9 22 73 99 389 430 483 512 544 750
? 9 22 73 99 132 389 430 483 544 750
? 9 22 73 99 132 389 430 483 544 750
? 9 29 127 271 446 553 625 656 670 717
? 9 29 127 271 446 553 591 656 670 717
? 9 127 271 446 553 591 625 656 670 717
? 9 127 271 446 553 591 625 656 670 717
? 9 127 271 446 553 591 625 656 670 717
? 9 69 113 171 399 424 571 573 607 727
? 9 69 113 171 277 399 424 573 607 727
? 9 69 113 171 277 399 424 573 607 727
? 9 69 113 171 277 399 571 573 607 727
? 9 69 113 171 399 424 571 573 607 727
? 9 31 195 270 362 509 542 646 711 745
? 9 31 195 362 509 542 583 646 711 745
? 9 31 270 362 509 542 583 646 711 745
? 9 31 195 362 509 542 583 646 711 745
? 9 31 270 362 509 542 583 646 711 745
? 9 25 93 226 354 490 562 623 710 744
? 9 25 93 226 354 411 490 623 710 744
? 9 25 93 226 354 411 490 623 710 744
? 9 25 93 226 354 490 562 623 710 744
? 9 25 93 226 354 490 562 623 710 744
? 9 497 289 652 619 684 338 550 606 39
? 9 116 46 126 572 425 478 529 291 40
? 9 145 194 732 464 630 211 417 114 378
? 9 602 501 484 437 678 643 577 97 32
? 9 363 590 637 142 148 782 149 442 41
? 9 90 720 704 316 433 511 381 498 33
? 8 264 388 741 284 645 661 94 45
? 8 136 172 689 359 764 414 168 42
? 7 307 268 627 769 435 477 66
? 7 290 372 799 460 781 760 60
? 7 692 506 112 216 479 255 600
? 7 663 383 146 758 660 669 61
? 7 285 305 206 537 635 184 54
? 7 160 522 273 233 392 300 52
? 7 232 342 229 173 513 770 51
? 7 492 62 471 59 555 530 53
? 7 599 592 249 679 638 496 55
? 6 350 214 259 444 397 74
? 6 213 377 375 283 644 87
? 6 246 336 245 274 700 77
? 6 196 448 185 674 257 78
!
363 590 637 142 148 782 149 442 41
41 142
41 782
142 148
142 590
148 149
148 637
363 442
442 637
667 236 225 431 707 96 130 534 179 324 115 14
14 324
115 707
130 707
96 225
96 667
130 179
130 225
130 534
236 431
324 534
431 667
307 268 627 769 435 477 66
66 627
268 307
307 627
307 769
435 627
477 769
358 394 269
269 394
358 394
794
116 46 126 572 425 478 529 291 40
40 572
46 116
46 126
126 529
291 425
291 572
425 478
529 572
462 121 439 697 373 100
100 373
121 439
121 462
373 462
462 697
559 650
650 559
212 237 207 174
174 207
207 237
212 237
352
662 507
662 507
258 664 323 385 124
124 323
258 385
323 385
385 664
785
685
774
765
519 327
327 519
762
286 731 262
262 286
286 731
761
666 151 626
151 626
626 666
497 289 652 619 684 338 550 606 39
39 497
39 619
289 550
289 606
338 684
497 550
497 684
619 652
658 48 499 777 220 20 294 164 469 133 752 91 12
133 469
12 499
294 777
499 777
12 91
12 220
20 48
20 658
20 752
48 164
91 133
133 164
746
583 270 195 362 711 745 646 542 509 31
195 646
31 509
270 745
362 583
362 711
509 542
509 711
542 646
542 745
241 628 798 167
167 798
241 628
241 798
726
438 64 756 748 335 169 728 459 234 159 549 792 11
11 549
159 234
159 549
234 748
64 335
64 438
64 792
169 459
169 728
335 728
438 756
549 792
491 317 413 402 422 92
92 317
317 402
402 413
413 422
413 491
655 524
524 655
663 383 146 758 660 669 61
61 660
61 758
146 758
383 663
383 669
663 758
424 607 573 113 399 727 171 277 571 69
277 727
69 399
69 573
113 171
113 573
171 607
399 424
571 607
607 727
712 423
423 712
276 153 58 298 574 199 122 345 107 723 528 554 736 8
8 736
58 276
276 574
554 723
723 736
107 298
122 199
122 554
153 554
199 528
298 345
345 528
554 574
668 337 256
256 668
337 668
617 421
617 421
597 589 247
247 589
247 597
558 601 243
243 558
243 601
434 398 242
242 398
242 434
621 420
621 420
639 418
639 418
455 410
455 410
441 406
441 406
404
789 629
629 789
682 401
682 401
553 625 446 591 670 127 271 656 717 29
29 717
127 271
271 656
271 670
271 717
446 625
446 656
553 591
553 670
108 427 238
108 238
238 427
503 514 371 165
165 503
165 514
371 514
128 4 640 47 344 445 523 634 339 739 486 204 788 205 535 110 611 505 691 632 120 103 2
505 691
47 788
47 640
110 445
110 634
339 634
47 204
204 535
205 535
339 486
339 523
344 523
486 535
523 739
2 128
4 128
103 128
103 611
120 632
128 632
505 535
505 632
653 393
653 393
290 372 799 460 781 760 60
60 290
60 372
372 760
372 781
460 760
781 799
708
738 334 202 163
163 738
202 738
334 738
125 508 631 138 578 672 473 292 35 37 193 137 563 504 6
578 672
37 504
138 563
193 563
6 138
292 473
6 137
35 473
37 137
37 473
125 631
473 672
508 631
508 672
561 374
561 374
482 581 772 310 641 89
89 310
89 581
89 641
89 772
482 772
730 299 235
235 730
299 730
567 368
567 368
618 390 152 203 575 432 451 318 676 251 56 458 10
451 676
56 318
152 458
251 676
10 56
10 458
56 251
203 432
203 575
251 432
390 618
575 618
595 322 230
230 322
322 595
201
494 463 493 178 119
119 494
178 493
463 493
463 494
699
686
38 466 228
38 228
38 466
313 636 222
222 313
313 636
301
649 361
649 361
593 353
593 353
315 189 131 585 200 88
88 131
88 200
189 200
189 315
189 585
521 143 449 162
143 449
143 521
162 449
351 443 312 610 735 584 296 755 263 27
296 755
27 263
27 584
27 755
312 351
351 610
443 610
443 735
584 735
647 716
716 647
564 349
564 349
17 690 614 224 314 150 771 83 740 105 409 295 267 7
83 105
150 740
150 771
224 771
105 295
7 267
7 409
17 409
17 614
224 314
224 690
267 295
267 314
440 346
440 346
609 332
609 332
648 586 680 654 319 706 266 333 72 26
333 654
26 648
72 266
72 319
72 586
333 680
586 706
648 706
680 706
419 779 376 768 118
118 376
376 419
376 768
768 779
683
599 592 249 679 638 496 55
55 599
55 638
249 599
496 592
496 679
592 599
582 302 186 594 109
109 594
186 582
186 594
302 594
744 490 93 623 226 354 710 411 562 25
354 411
25 490
93 623
93 744
226 710
226 744
354 744
490 562
490 710
569 265 215
215 265
215 569
403 331
403 331
30
527 36
36 527
213 377 375 283 644 87
87 377
87 644
213 283
213 375
375 377
754 651 489 713 170
170 489
489 651
651 754
713 754
538 325
538 325
285 305 206 537 635 184 54
54 537
184 206
184 537
184 635
206 305
285 635
525
264 388 741 284 645 661 94 45
45 388
45 661
94 284
94 388
94 741
264 741
645 661
132 389 512 483 750 544 73 430 99 22
389 512
22 73
22 99
73 389
73 750
99 430
132 750
389 483
544 750
579
221 341 565 129 218 86
86 218
129 218
129 341
221 565
341 565
492 62 471 59 555 530 53
53 59
53 555
59 471
59 530
62 492
62 530
510 147 616 175 217 85
85 175
147 217
147 616
175 217
217 510
252 675 400 161
161 252
161 400
400 675
311 391 57 753 360 34 545 65 387 749 552 603 197 531 5
57 603
34 360
34 387
387 749
545 749
391 552
5 197
5 545
65 311
197 753
311 391
311 531
531 545
603 753
759 321
759 321
775 560 787 158
158 560
158 787
775 787
328 540 694 81 140 80
80 81
80 140
140 694
328 694
540 694
261 570 208
208 570
261 570
596
145 194 732 464 630 211 417 114 378
114 417
114 464
145 194
145 630
211 417
211 630
378 630
378 732
516 309
309 516
517 364 701
364 701
517 701
568 412 355 665 734 797 539 340 21 743 19
19 797
340 355
19 21
19 743
21 355
355 734
412 539
539 665
568 665
665 734
395 320 192
192 320
320 395
624
306 495 608 187 106
106 187
106 608
187 495
306 495
612
793 715 767 288 0
0 288
288 767
715 793
767 793
90 720 704 316 433 511 381 498 33
33 433
33 720
90 381
90 704
316 433
433 704
498 720
511 720
598
136 172 689 359 764 414 168 42
42 689
42 764
136 168
168 414
172 359
172 414
414 764
196 448 185 674 257 78
78 257
185 448
196 674
257 674
448 674
588
386 709 191
191 709
386 709
246 336 245 274 700 77
77 245
77 336
245 700
246 336
274 700
671 681 461 536 415 613 396 474 763 75 329 465 456 293 718 622 778 481 3
3 481
3 778
396 456
415 456
415 461
461 671
474 613
613 763
396 536
622 778
75 681
293 396
293 718
329 622
396 613
465 681
465 718
622 718
485 783 480 157
157 480
157 783
480 485
502 123 330 472 526 714 695 620 303 253 18
502 526
695 714
18 253
18 714
123 330
253 303
330 472
472 714
526 620
620 714
156 382 154 470
154 382
154 470
156 382
223 615 742 219 475 429 43 515 63 757 84 488 9
475 615
84 515
223 515
223 742
9 84
43 615
43 757
63 219
63 488
63 615
84 488
219 429
719 784
784 719
587
476 297
476 297
751 566 532 733 102
102 733
532 751
566 733
566 751
580
766 500 428 533 134 76
76 428
76 533
134 500
134 766
428 766
602 501 484 437 678 643 577 97 32
32 437
32 678
97 437
97 501
437 643
484 678
501 577
602 643
104 111
111 104
457 357 450 551
357 457
450 457
450 551
350 214 259 444 397 74
74 214
74 350
74 444
214 259
259 397
604 190 380
190 380
380 604
282 379 183
183 379
282 379
308 795 227 248
227 308
227 795
248 308
281 366 182
182 366
281 366
657 287
657 287
520 365 180
180 365
365 520
687 326 541 416
326 687
416 541
541 687
50 408 467 117 181 356 44 343 23 209 198 260 28 547 384 139 82 95 240 239 71 188 1
28 384
384 547
95 260
50 209
23 343
71 82
71 239
82 260
188 239
188 240
117 467
50 181
117 356
181 356
1 23
1 260
23 198
44 50
44 547
50 408
139 198
139 547
705 773 737 254 98 659
98 705
98 773
254 705
659 773
705 737
49
556
141 79 370 702 790 304 135 791 16 405 452 796 210 15 367 703 436 696 543 244 250 633 724 722 426
250 633
452 796
633 724
244 436
244 722
367 696
367 796
426 633
426 796
543 696
543 722
15 703
141 304
210 791
16 304
79 304
15 79
15 210
135 370
135 790
210 370
210 452
370 702
405 452
548
160 522 273 233 392 300 52
52 273
160 273
233 392
273 300
300 522
392 522
369 642 453 166 144 68
68 166
68 369
144 369
166 453
453 642
576
232 342 229 173 513 770 51
51 173
51 770
173 229
173 232
232 342
513 770
786
677 348 176
176 677
348 677
747 280
747 280
272 177 776 155 101
101 155
101 776
155 177
177 272
546 279
279 546
557 278
557 278
487 605 347 673 693 67
67 605
347 487
347 673
605 673
605 693
729 231 780 698 24 725 688 70 468 407 721 13
24 70
24 725
70 698
13 231
13 407
13 688
231 468
468 721
688 729
688 780
721 725
447
692 506 112 216 479 255 600
112 692
216 479
216 506
255 479
506 692
600 692
454 275
454 275
518
