? 9 0 60 61 117 164 194 308 482 651
? 9 0 6 60 61 201 307 308 482 742
? 9 0 60 194 201 308 356 491 574 710
? 9 0 60 164 194 201 308 356 491 651
? 9 0 60 117 164 194 308 356 491 651
? 9 0 6 60 61 194 307 308 482 742
? 9 0 60 164 194 201 308 356 651 742
? 9 0 6 60 61 194 308 482 665 742
? 9 6 60 61 308 464 482 665 742 794
? 9 0 60 164 194 201 308 356 574 651
? 9 0 60 164 194 308 356 574 651 736
? 9 0 60 164 194 356 574 592 619 651
? 9 75 185 212 222 230 314 322 325 375
? 9 47 58 139 222 230 314 325 645 723
? 9 63 75 139 185 230 325 449 594 645
? 9 212 222 322 334 369 375 517 618 622
? 9 58 139 185 230 238 314 325 659 723
? 9 58 75 139 185 230 314 325 551 723
? 9 47 58 75 139 185 230 325 645 723
? 9 47 63 75 139 185 230 325 594 645
? 9 244 249 268 270 313 348 412 450 754
? 9 244 249 268 313 348 412 450 551 754
? 9 58 139 244 313 314 348 412 551 723
? 9 58 139 230 244 313 314 412 551 723
? 9 244 249 268 313 348 412 450 514 551
? 9 84 111 140 213 251 404 467 578 584
? 9 84 154 207 251 411 526 582 584 681
? 9 84 154 207 251 404 526 556 582 681
? 9 154 207 249 268 270 348 450 556 714
? 9 227 249 283 328 450 479 714 725 782
? 9 227 249 268 283 328 450 556 714 782
? 9 84 154 207 227 283 404 556 582 714
? 9 111 120 140 150 213 467 480 578 703
? 9 84 97 111 140 272 393 467 565 584
? 9 97 111 140 272 393 467 565 578 584
? 9 97 111 140 213 272 393 467 578 703
? 9 38 120 150 181 374 414 470 656 711
? 9 97 111 140 150 213 467 480 578 703
? 9 97 111 140 213 272 393 467 578 703
? 9 19 120 150 181 232 354 480 598 711
? 9 19 120 150 181 232 354 455 480 598
? 9 19 120 150 181 354 480 598 653 711
? 9 120 150 181 374 431 480 656 686 711
? 9 19 120 150 181 354 374 480 656 711
? 9 19 120 150 181 354 431 480 686 711
? 9 154 207 227 270 283 348 514 556 714
? 9 38 120 150 181 232 455 470 480 711
? 9 19 38 120 150 181 354 470 480 598
? 9 38 120 150 181 232 455 470 480 711
? 9 58 212 222 314 322 334 375 551 723
? 9 82 212 282 369 375 517 613 618 622
? 9 82 212 222 322 334 369 375 517 618
? 9 58 222 314 322 334 412 514 551 723
? 9 21 34 82 282 369 517 564 622 773
? 9 31 85 86 127 331 432 465 716 724
? 9 120 150 155 181 229 354 480 739 741
? 9 155 187 202 254 520 631 739 746 764
? 9 155 187 202 254 437 493 520 746 764
? 9 202 289 423 437 468 493 528 617 727
? 9 155 187 202 254 423 520 617 641 746
? 9 0 60 98 164 194 308 356 651 740
? 9 82 86 127 305 369 517 716 765 773
? 9 14 31 85 136 178 432 465 511 512
? 9 14 31 109 136 228 331 360 515 724
? 9 31 85 136 305 432 465 511 716 765
? 9 14 99 109 228 255 262 331 515 724
? 9 31 86 127 136 305 432 716 765 773
? 9 14 331 385 471 515 569 637 699 724
? 9 14 99 109 142 228 255 262 331 515
? 9 31 85 136 178 305 432 465 511 512
? 9 70 83 178 350 512 572 585 654 720
? 9 31 85 136 178 432 465 511 512 585
? 9 70 83 178 350 465 511 512 572 654
? 9 91 93 166 279 318 379 390 609 664
? 9 91 93 163 166 279 390 445 609 664
? 9 85 93 166 279 318 379 390 445 558
? 9 91 93 166 279 318 379 390 445 609
? 9 1 91 93 163 166 279 609 664 672
? 9 14 109 228 331 385 471 515 569 637
? 9 1 163 193 271 293 386 550 664 672
? 9 162 163 193 271 297 357 655 664 672
? 9 162 163 193 271 297 346 357 629 664
? 9 1 163 271 293 297 386 550 664 672
? 9 162 193 346 357 539 629 655 664 670
? 9 162 193 346 357 539 629 655 664 670
? 9 1 163 193 271 297 386 550 664 672
? 9 162 163 193 271 293 297 664 670 672
? 9 14 109 138 149 228 255 331 515 724
? 9 162 193 279 346 357 539 629 664 670
? 9 205 295 330 405 447 490 516 708 744
? 9 42 205 295 330 362 399 405 490 744
? 9 111 140 213 362 399 467 485 578 703
? 9 42 205 295 330 405 475 516 624 744
? 9 42 209 295 330 405 475 624 744 781
? 9 42 205 209 295 330 405 475 624 744
? 9 154 207 227 249 283 328 450 556 714
? 9 78 192 418 424 435 457 525 626 778
? 9 78 192 218 418 435 530 553 626 778
? 9 78 192 218 265 418 435 442 530 626
? 9 78 411 418 424 435 457 525 552 778
? 9 78 192 251 411 418 435 526 626 778
? 9 202 254 289 423 437 493 528 727 746
? 9 155 202 254 423 437 493 617 641 746
? 9 202 254 289 423 437 493 528 727 746
? 9 202 263 285 289 423 468 508 528 727
? 9 202 263 285 289 423 468 508 528 727
? 9 99 101 109 142 228 255 262 360 770
? 9 99 101 109 228 255 262 570 715 770
? 9 14 99 109 228 255 331 360 385 515
? 9 45 99 109 121 228 255 278 329 360
? 9 14 45 109 121 228 278 331 360 515
? 9 45 109 121 228 360 434 515 604 632
? 9 99 109 121 255 262 278 329 434 632
? 9 142 153 219 264 343 351 721 770 780
? 9 99 101 109 121 255 262 278 434 570
? 9 39 206 320 388 466 547 581 668 734
? 9 39 99 101 262 388 466 547 570 715
? 9 81 206 320 358 383 581 587 646 734
? 9 39 320 388 466 581 587 627 715 734
? 9 81 206 320 358 383 421 581 587 646
? 9 24 28 40 81 398 540 587 649 775
? 9 24 28 40 81 206 421 587 693 775
? 9 67 81 170 206 421 459 661 693 769
? 9 28 40 81 206 320 398 483 540 587
? 9 28 67 81 206 320 421 483 587 693
? 9 67 170 206 243 421 459 661 693 769
? 9 144 182 302 327 368 425 506 643 779
? 9 24 67 206 243 421 483 646 693 775
? 9 144 170 182 302 327 368 459 643 769
? 9 66 182 302 327 425 477 506 605 779
? 9 170 182 302 327 368 506 643 722 769
? 9 182 302 327 425 506 605 643 722 769
? 9 66 182 302 425 477 506 605 722 779
? 9 66 182 302 327 477 506 643 722 769
? 9 67 144 170 206 243 368 421 459 769
? 9 28 67 81 206 243 320 421 483 587
? 9 24 67 81 206 243 421 483 693 775
? 9 179 218 247 265 435 442 498 530 571
? 9 71 95 110 364 396 397 400 644 748
? 9 3 71 95 114 171 364 396 397 644
? 9 3 71 95 110 171 364 396 397 644
? 9 102 146 191 344 380 499 504 583 713
? 9 3 71 110 114 171 364 396 397 644
? 9 3 71 110 114 171 364 396 397 644
? 9 102 146 191 344 380 499 504 583 713
? 9 71 146 191 364 380 396 499 644 713
? 9 71 95 146 191 344 380 396 504 713
? 9 82 212 282 369 375 517 618 622 680
? 9 34 52 69 282 369 451 564 622 680
? 9 52 69 89 282 451 564 586 622 697
? 9 90 233 241 245 286 447 516 625 708
? 9 90 205 295 330 405 447 516 708 744
? 9 90 205 239 330 446 447 516 708 744
? 9 90 183 239 241 446 447 625 684 708
? 9 79 216 241 245 324 625 678 708 799
? 9 79 90 183 241 446 625 678 708 730
? 9 79 216 233 241 286 324 625 678 799
? 9 79 233 241 245 286 446 625 708 799
? 9 79 216 233 241 286 324 625 678 799
? 9 79 90 233 241 286 446 625 708 799
? 9 101 142 153 219 343 547 570 715 770
? 9 39 101 142 153 388 547 570 715 770
? 9 46 147 160 264 351 542 747 780 790
? 9 12 112 165 257 341 355 381 500 633
? 9 12 112 165 257 355 401 500 633 700
? 9 12 165 264 351 401 542 633 700 780
? 9 26 112 231 257 281 341 500 557 599
? 9 112 168 184 257 326 394 500 557 560
? 9 26 231 281 341 381 590 599 704 785
? 9 26 108 208 231 237 281 338 599 759
? 9 26 184 231 281 381 557 590 704 785
? 9 112 165 184 257 355 500 633 700 780
? 9 168 184 257 326 394 395 500 502 762
? 9 112 168 184 257 326 394 395 500 502
? 9 168 184 257 326 394 395 500 502 762
? 9 112 168 184 257 355 394 395 500 502
? 9 26 108 208 231 237 281 338 704 759
? 9 26 108 208 231 237 281 338 590 704
? 9 26 108 208 231 237 281 338 590 704
? 9 112 184 257 355 394 500 700 719 776
? 9 107 112 184 257 355 500 538 543 700
? 9 107 184 257 361 394 395 473 538 595
? 9 12 165 264 351 355 542 633 700 780
? 9 46 119 147 392 417 536 635 747 790
? 9 46 104 119 147 317 392 417 747 790
? 9 12 46 104 147 160 317 542 747 790
? 9 12 46 104 147 317 351 542 747 780
? 9 159 210 234 372 579 591 601 679 701
? 9 46 104 147 159 210 317 542 635 747
? 9 46 147 159 210 317 579 591 635 747
? 9 234 309 371 372 495 501 524 679 701
? 9 41 87 132 309 371 372 555 573 679
? 9 33 43 309 371 474 495 510 671 792
? 9 33 43 309 371 372 495 501 510 679
? 9 29 41 50 87 188 486 555 577 735
? 9 43 51 402 430 474 510 671 783 792
? 9 33 43 309 371 372 495 501 510 679
? 9 33 159 210 234 501 524 579 601 701
? 9 57 223 309 371 372 495 510 535 694
? 9 29 41 87 188 266 275 486 573 577
? 9 33 41 309 371 372 501 555 573 679
? 9 29 87 115 188 235 266 486 577 616
? 9 29 41 132 309 371 486 555 573 577
? 9 50 54 122 133 236 315 337 576 735
? 9 50 54 122 133 236 315 337 576 735
? 9 50 54 122 133 236 315 337 576 735
? 9 50 54 122 133 236 315 337 576 735
? 9 35 145 214 337 488 503 522 717 798
? 9 35 145 156 200 214 488 494 522 717
? 9 4 35 145 156 200 214 382 522 717
? 9 35 50 122 145 236 315 337 576 735
? 9 4 116 156 200 214 382 476 519 522
? 9 35 145 203 337 576 640 698 717 735
? 9 35 88 145 214 488 522 554 717 751
? 9 73 94 116 200 214 382 503 513 519
? 9 11 73 116 200 382 391 513 519 568
? 9 4 73 94 116 156 382 476 513 568
? 9 4 73 94 116 156 382 476 513 568
? 9 11 73 116 200 382 391 503 519 568
? 9 35 73 200 214 382 503 522 568 717
? 9 11 73 116 200 382 391 503 519 568
? 9 73 94 200 214 382 503 513 522 717
? 9 87 115 188 235 266 275 333 616 788
? 9 44 226 259 370 478 492 683 755 767
? 9 44 128 180 215 226 259 634 683 755
? 9 44 128 180 215 226 634 683 707 757
? 9 44 128 180 215 226 370 492 755 767
? 9 44 128 180 215 226 370 755 757 767
? 9 2 56 118 174 256 458 478 733 796
? 9 72 131 175 224 319 685 688 706 745
? 9 72 131 175 224 319 509 688 696 706
? 9 77 131 175 224 319 685 696 706 745
? 9 77 131 175 224 319 685 696 706 760
? 9 77 131 175 224 319 685 696 706 745
? 9 77 131 175 224 319 685 696 706 745
? 9 72 77 226 509 597 688 696 756 772
? 9 44 128 180 215 226 634 707 756 757
? 9 2 49 56 118 174 248 444 458 537
? 9 2 56 118 174 248 458 537 677 733
? 9 2 56 174 256 370 478 733 755 767
? 9 2 56 118 174 256 458 478 677 733
? 9 37 49 217 248 311 365 444 728 787
? 9 49 56 118 248 444 458 537 652 677
? 9 49 118 248 444 458 537 589 652 797
? 9 129 141 416 420 436 481 602 669 731
? 9 49 129 141 420 436 602 652 669 797
? 9 37 49 217 248 311 365 444 728 787
? 9 37 49 248 420 436 444 589 652 787
? 9 37 49 217 248 311 365 444 728 787
? 9 23 190 287 345 428 429 469 610 675
? 9 23 190 274 287 378 413 428 429 610
? 9 23 190 274 287 378 413 428 429 606
? 9 129 141 420 436 481 602 652 669 797
? 9 129 141 199 335 340 416 481 529 731
? 9 190 287 345 413 428 429 469 610 675
? 9 87 115 188 235 266 275 333 577 788
? 9 29 87 188 235 275 486 577 616 788
? 9 29 87 188 235 275 486 573 577 788
? 9 37 49 248 420 436 444 589 652 787
? 9 49 103 118 248 444 458 537 677 729
? 9 195 199 335 340 529 532 567 667 731
? 9 55 100 186 211 406 407 452 623 648
? 9 55 100 288 406 487 549 623 636 648
? 9 55 100 211 288 406 623 636 648 761
? 9 22 48 124 157 220 620 663 676 743
? 9 55 100 186 211 288 407 452 549 648
? 9 55 100 211 288 487 544 549 648 712
? 9 195 199 240 389 403 419 529 532 732
? 9 55 100 186 288 407 452 544 549 712
? 9 55 100 288 292 452 487 544 549 712
? 9 55 100 288 292 452 487 544 549 712
? 9 22 27 173 220 463 620 663 726 743
? 9 22 27 173 220 463 620 663 726 743
? 9 22 27 173 220 463 620 663 726 743
? 9 22 27 124 157 173 220 620 663 743
? 9 22 27 124 157 173 463 676 726 743
? 9 137 220 261 304 472 580 620 663 753
? 9 20 137 261 304 376 461 580 628 682
? 9 195 199 335 340 403 419 529 667 732
? 9 129 195 199 335 340 416 481 529 667
? 9 195 199 335 340 416 481 529 667 732
? 9 5 32 53 240 389 403 419 433 532
? 9 5 32 53 240 242 389 403 433 532
? 9 195 199 240 403 419 422 433 532 732
? 9 5 32 53 240 242 389 403 433 532
? 9 5 32 53 240 242 389 403 433 532
? 9 5 32 53 240 242 389 403 433 532
? 9 23 217 274 311 365 378 428 606 728
? 9 44 128 180 215 226 370 683 755 767
? 9 44 128 180 215 226 683 707 755 757
? 9 44 65 128 180 215 226 634 707 757
? 9 44 128 180 215 226 634 707 755 757
? 9 119 152 176 349 392 521 536 691 752
? 9 152 176 198 312 349 366 377 521 752
? 9 62 74 152 176 349 366 521 691 752
? 9 62 74 152 172 176 349 366 521 752
? 9 104 143 160 204 317 351 417 542 790
? 9 62 74 76 130 172 250 339 366 377
? 9 113 135 198 291 296 300 312 339 366
? 9 62 74 76 113 130 135 172 250 339
? 9 62 74 76 113 130 135 172 250 339
? 9 62 74 76 113 130 135 172 250 339
? 9 113 135 300 339 608 662 687 692 768
? 9 113 135 198 291 296 312 339 366 548
? 9 62 74 76 113 130 135 172 250 339
? 9 113 135 198 291 296 312 339 366 548
? 9 62 76 113 130 135 172 250 339 687
? 9 76 113 135 250 300 339 662 687 768
? 9 18 253 269 387 410 533 600 660 692
? 9 18 253 269 387 410 533 600 660 692
? 9 18 253 269 387 448 533 588 593 709
? 9 7 18 253 269 387 410 533 588 600
? 9 7 18 253 269 387 410 533 588 600
? 9 7 18 269 387 448 533 588 600 709
? 9 7 18 269 387 410 448 533 600 709
? 9 55 100 186 288 292 407 452 549 712
? 9 55 100 186 288 292 407 452 549 712
? 9 129 273 335 340 416 481 531 567 667
? 9 129 141 306 335 340 416 481 531 602
? 9 20 30 59 258 284 376 580 628 647
? 9 20 30 258 284 301 376 647 682 718
? 9 20 30 59 137 261 304 376 580 628
? 9 20 30 59 258 304 376 580 628 682
? 9 20 30 59 258 284 301 376 580 647
? 9 20 30 59 258 284 301 376 580 647
? 9 21 34 52 64 282 367 460 564 586
? 9 8 21 34 64 158 169 367 460 564
? 9 8 158 169 260 367 409 460 534 737
? 9 8 158 169 260 409 440 497 615 737
? 9 8 158 169 177 260 336 409 440 615
? 9 8 13 106 158 260 347 409 440 615
? 9 8 21 34 158 169 367 409 460 564
? 9 8 34 158 169 367 409 460 534 564
? 9 8 158 169 260 347 409 440 460 737
? 9 8 21 34 158 169 367 460 497 564
? 9 8 13 106 158 260 347 409 440 615
? 9 8 13 106 158 260 347 409 440 615
? 9 13 106 260 347 440 562 615 642 737
? 9 21 34 52 64 197 282 564 575 586
? 9 68 126 148 151 267 277 280 426 566
? 9 16 80 189 294 484 541 614 766 791
? 9 16 68 125 126 148 151 189 277 566
? 9 17 290 299 323 353 438 453 527 603
? 9 7 17 290 353 453 527 533 588 603
? 9 26 108 208 231 237 281 338 704 759
? 9 43 51 402 430 474 510 671 786 792
? 9 43 51 402 430 474 495 510 671 792
? 9 43 51 402 430 474 510 671 786 792
? 9 9 13 260 347 359 409 440 562 615
? 9 225 443 496 630 658 673 674 771 784
? 9 9 359 440 443 496 596 615 658 771
? 9 260 276 347 409 440 496 658 771 774
? 9 260 276 440 496 546 658 771 774 795
? 9 161 373 489 496 546 561 658 763 795
? 9 161 276 373 489 496 546 658 763 771
? 9 8 158 169 260 347 409 440 460 771
? 9 10 15 134 225 252 630 673 674 784
? 9 225 260 347 409 440 443 630 771 784
? 9 10 15 134 225 252 260 440 630 784
? 9 10 15 134 225 252 260 440 630 784
? 9 10 15 134 225 252 316 630 674 784
? 9 25 105 123 196 246 303 310 427 441
? 9 25 105 123 196 246 303 310 427 441
? 9 25 105 123 196 246 303 310 352 427
? 9 25 105 123 196 246 303 310 427 441
? 9 25 105 123 196 246 303 310 427 441
? 9 25 105 123 196 246 303 310 427 518
? 9 21 34 64 169 197 367 460 564 575
? 9 17 221 290 323 353 438 453 527 563
? 9 17 221 290 299 353 527 563 588 603
? 9 7 17 221 290 299 353 533 588 603
? 9 17 221 290 323 353 438 453 527 563
? 9 16 68 125 151 189 294 484 766 791
? 9 68 125 148 267 277 280 426 559 566
? 9 68 125 148 267 277 280 426 559 566
? 9 68 125 148 267 277 280 426 559 566
? 9 68 125 148 267 277 280 426 559 566
? 9 92 342 384 408 607 611 612 695 793
? 9 363 384 507 607 611 612 638 695 750
? 9 92 148 267 277 342 408 426 559 689
? 9 363 384 408 507 607 612 638 695 793
? 9 363 384 507 607 611 612 638 695 750
? 9 342 363 384 408 507 607 612 638 793
? 9 363 507 607 611 612 621 638 695 750
? 9 16 68 125 126 151 189 277 566 766
? 9 36 294 298 332 439 484 541 639 702
? 9 36 96 167 298 321 332 439 541 758
? 9 36 167 298 332 439 541 639 702 758
? 9 36 96 167 298 321 332 541 702 758
? 9 36 96 167 298 321 439 462 484 639
? 9 36 96 167 298 321 439 484 639 758
? 9 36 96 167 298 321 332 541 702 758
? 9 25 105 123 196 246 303 454 505 518
? 9 25 105 123 196 246 303 454 505 518
? 9 179 218 247 265 435 442 498 530 571
? 9 78 179 218 265 435 442 530 571 778
? 9 78 179 218 247 435 442 530 571 778
? 9 129 141 195 199 306 340 529 602 667
? 9 52 69 89 282 451 586 613 622 697
? 9 3 71 110 114 171 364 396 397 644
!
114 3 89 697 195 498 247 179 265 442 571 218 505 102 454 702 321 167 758 96 36 439 298 462 639 332 541 294 484 791 766 607 621 638 363 507 750 611 695 384 408 793 612 342 92 689 277 559 148 566 280 426 267 126 68 353 323 438 221 563 527 17 290 207 197 738 518 352 310 427 441 25 123 246 105 196 303 523 316 15 134 252 10 674 630 784 673 225 771 489 161 373 561 763 795 546 276 774 443 496 658 596 9 359 786 51 430 783 402 474 704 545 603 299 453 614 189 80 16 125 151 690 575 21 642 347 106 13 615 440 497 562 737 789 534 260 409 8 158 456 336 177 169 460 367 64 34 564 282 613 301 718 284 647 258 30 376 461 682 20 59 628 306 650 531 273 186 452 407 7 448 588 709 593 253 387 410 600 269 533 660 18 692 749 662 768 687 300 548 608 135 296 291 113 339 76 130 172 62 74 250 366 312 198 377 521 143 417 349 176 691 152 752 536 392 119 755 705 65 634 707 757 128 606 274 413 242 5 32 53 389 567 433 667 240 422 419 403 732 532 199 340 335 304 261 137 580 472 463 726 173 27 22 753 663 220 620 743 292 544 487 712 288 549 529 124 100 55 648 157 48 676 761 211 636 406 623 657 731 416 103 729 37 333 788 115 616 235 266 345 469 675 141 129 481 428 190 429 287 23 610 378 728 217 787 365 311 248 420 436 669 602 797 589 652 444 49 537 458 118 56 2 677 796 174 733 756 597 77 509 224 745 175 760 685 696 131 706 72 319 688 772 256 478 767 370 492 226 683 180 44 215 259 415 275 785 94 513 391 11 568 73 519 116 476 382 4 156 200 214 503 554 88 203 698 640 522 717 35 798 145 751 494 488 337 576 133 122 315 236 54 50 735 29 577 188 486 87 555 132 573 57 535 223 33 792 43 671 510 694 41 371 501 495 309 372 679 234 524 701 579 601 210 591 159 635 747 147 46 204 317 104 790 160 542 473 361 595 107 538 776 719 590 108 208 237 759 338 502 762 395 168 326 560 394 543 184 557 231 599 26 281 341 381 500 257 112 700 401 355 12 165 633 351 780 721 153 264 343 540 799 678 324 216 79 625 286 233 90 241 245 730 183 684 239 446 708 447 516 330 586 52 69 451 680 344 504 583 380 191 713 146 171 364 110 397 499 396 71 644 95 400 748 553 530 24 775 547 243 661 459 144 66 477 302 605 425 779 506 722 182 327 368 358 646 383 643 170 769 67 693 421 206 483 81 398 40 28 649 587 320 219 627 668 734 39 388 581 466 715 101 770 142 570 262 434 632 604 278 45 121 329 99 255 228 109 360 285 508 263 468 528 289 617 641 423 727 437 192 626 418 435 78 457 778 424 525 552 154 411 744 405 209 781 475 624 399 42 205 295 490 362 629 346 138 149 293 550 386 539 670 357 655 162 297 193 271 1 672 163 664 637 471 569 166 91 279 609 93 318 445 379 390 720 572 350 585 70 83 654 512 515 14 178 699 511 136 385 724 31 465 558 331 85 432 305 765 716 98 520 187 493 202 764 746 254 739 631 155 229 127 86 773 82 334 622 369 517 375 618 212 185 455 19 354 598 232 449 283 514 431 686 374 414 656 470 653 741 181 38 711 120 272 393 97 485 150 480 703 213 578 467 140 565 111 666 582 227 782 328 725 479 714 681 526 251 584 84 404 556 249 270 244 313 348 450 268 412 754 63 594 47 75 230 551 325 238 659 222 645 139 58 723 314 322 740 592 777 736 619 574 491 794 464 665 6 356 710 307 201 308 117 164 651 194 60 742 61 482 0
738 518
303 523
523 316
545 176
151 690
690 367
789 534
456 336
650 531
749 662
705 65
676 761
623 731
657 731
259 415
415 275
748 530
666 681
322 742
777 736
491 710
117 651
356 491
6 307
6 61
6 794
61 464
61 482
308 464
464 742
665 794
201 308
574 736
356 619
574 619
592 619
449 594
238 659
659 723
47 645
63 594
75 185
75 594
139 645
185 325
230 325
551 754
139 230
139 723
244 313
244 514
251 681
582 681
450 479
479 725
249 782
268 782
84 404
84 582
404 556
84 584
111 584
393 565
414 711
480 703
97 111
97 393
272 393
653 711
374 656
374 711
431 686
686 711
270 348
270 556
348 514
19 354
19 598
38 470
181 470
181 711
232 455
455 480
334 375
58 314
58 723
222 322
222 723
314 551
322 334
412 514
412 551
120 150
120 181
150 480
181 229
229 741
354 480
739 741
155 631
631 739
520 764
155 520
187 520
0 60
0 194
60 308
60 651
98 356
164 356
164 740
651 740
82 773
136 724
86 127
86 765
86 773
432 716
716 765
699 724
305 432
572 720
31 136
31 432
85 136
85 511
178 585
70 83
70 572
70 654
83 350
178 512
178 654
465 511
465 512
85 379
85 558
166 390
318 445
379 445
390 445
91 609
93 279
93 609
166 279
385 569
471 637
569 637
539 655
1 386
1 550
550 672
163 271
271 297
271 672
293 672
297 664
14 724
138 149
138 724
162 193
162 670
193 539
193 664
279 539
346 357
346 629
539 629
295 490
399 490
111 467
140 362
140 467
213 399
213 578
213 703
362 399
485 703
624 781
42 295
42 624
209 475
209 624
154 207
207 556
227 556
227 714
249 450
283 714
328 450
328 714
530 553
424 552
424 778
457 525
457 552
192 626
251 526
411 526
411 778
418 435
418 626
155 254
423 617
617 641
202 437
202 746
254 746
437 493
202 423
263 289
263 468
263 727
285 468
285 508
289 528
423 727
14 385
14 331
331 515
45 228
45 360
109 228
228 515
604 632
121 329
329 632
219 721
721 780
99 255
109 121
109 255
121 278
278 434
320 668
99 262
262 570
39 466
320 734
466 734
627 715
320 581
358 383
358 646
81 649
28 40
40 398
40 540
459 661
483 646
425 605
506 605
605 779
66 477
182 327
182 722
302 506
302 722
327 643
477 506
722 769
144 368
170 368
170 459
170 769
206 769
28 320
81 587
320 587
24 775
67 243
67 421
81 483
206 421
206 483
243 693
693 775
71 400
396 748
102 583
504 583
499 644
71 95
95 713
146 191
146 713
191 380
344 504
380 504
82 517
82 618
212 375
212 618
517 680
369 622
369 680
295 405
330 405
205 744
330 744
447 516
516 744
90 447
239 447
239 684
90 730
183 730
245 446
79 678
216 324
324 678
79 286
79 625
90 446
233 286
233 799
241 625
241 708
446 708
153 219
219 343
39 388
39 715
101 547
101 570
101 715
142 153
142 770
570 770
401 700
394 560
341 599
231 599
184 557
281 381
381 557
704 785
168 762
326 502
168 395
168 502
590 704
394 776
719 776
107 500
112 500
355 500
538 543
107 257
184 394
184 538
257 538
361 473
394 395
473 595
538 595
165 633
165 700
264 355
355 700
633 780
392 417
12 780
351 780
46 147
147 747
159 635
210 591
317 747
591 747
577 735
402 783
159 210
210 579
234 524
234 701
501 701
579 601
601 701
57 535
223 535
371 495
372 694
535 694
33 501
33 679
309 372
372 679
41 555
41 573
132 555
309 371
371 573
54 133
133 315
717 798
488 494
50 576
122 315
236 315
236 576
145 337
203 698
337 735
576 735
640 698
698 717
35 145
88 554
88 751
145 488
488 751
4 156
4 476
382 476
35 717
11 391
73 568
116 391
116 519
116 568
73 382
73 513
94 513
200 382
200 503
214 503
214 522
522 717
180 259
492 767
733 796
131 760
131 319
131 706
175 224
175 319
685 706
685 745
696 706
72 597
72 688
77 688
77 696
509 696
688 772
756 772
226 756
478 767
2 56
2 174
174 733
256 478
256 733
56 677
365 787
129 797
436 669
669 797
190 429
287 413
287 429
345 469
413 428
429 610
469 675
610 675
115 266
115 333
333 788
616 788
29 486
29 577
87 188
188 275
188 577
235 275
235 788
486 573
37 787
49 589
49 652
248 787
420 436
436 652
49 444
103 729
118 458
118 677
248 444
248 537
444 729
458 537
335 731
406 623
623 636
623 648
636 761
48 676
211 648
288 648
292 487
544 712
663 743
22 27
22 173
27 124
124 743
157 676
157 743
173 726
463 726
220 261
220 620
220 753
472 753
620 663
376 461
199 732
403 419
419 732
422 532
5 32
32 53
32 242
240 433
240 532
242 389
389 433
403 532
23 378
23 428
217 274
217 378
311 378
311 728
365 728
428 606
370 755
370 767
226 683
65 634
44 128
44 215
44 634
128 757
180 215
180 226
226 755
707 757
119 392
392 691
536 691
349 691
152 349
152 752
176 349
176 521
366 521
104 317
104 790
143 417
160 204
204 542
204 790
317 351
351 417
339 377
135 608
662 692
74 130
198 291
291 312
291 366
296 548
339 366
366 548
62 172
76 172
130 250
76 250
113 135
113 339
135 687
250 339
300 662
300 768
687 768
18 692
660 692
593 709
253 588
7 709
18 269
18 387
269 600
387 533
410 600
448 709
55 100
100 288
100 452
186 407
288 549
292 712
407 452
549 712
273 567
567 667
129 481
335 416
416 481
531 602
258 718
137 261
137 304
20 682
30 304
59 628
20 30
20 580
30 376
59 580
258 376
258 647
284 301
284 647
158 177
177 336
409 534
8 497
106 642
347 642
440 737
575 586
16 614
80 614
26 281
26 704
108 237
208 237
208 338
208 759
231 281
231 338
495 510
43 510
43 671
51 402
51 430
402 474
430 786
474 792
671 792
13 562
562 615
9 596
359 596
596 615
615 771
774 795
546 561
561 795
161 763
276 658
373 763
489 496
489 546
496 658
496 771
546 763
8 158
8 409
158 169
673 784
260 347
347 409
440 771
443 771
260 440
440 784
10 134
15 134
15 252
134 674
225 630
225 784
252 630
316 674
352 427
25 441
310 427
427 518
21 34
21 64
34 564
169 460
197 575
367 460
367 564
564 575
7 533
7 588
290 603
299 588
299 603
17 221
17 353
17 527
221 563
290 353
323 438
353 438
453 527
484 791
766 791
267 280
92 148
92 342
92 689
267 559
277 426
277 689
426 559
342 408
384 507
408 793
612 793
363 638
363 695
507 607
607 612
611 695
611 750
612 638
621 638
16 151
16 189
68 125
68 566
125 151
126 566
189 766
277 566
294 484
462 484
298 439
439 639
484 639
36 298
36 758
96 167
96 321
167 298
332 541
332 758
541 702
25 123
25 246
105 196
105 246
105 303
303 518
454 505
454 518
265 498
265 442
78 435
78 778
179 442
179 571
218 530
218 571
247 442
435 530
129 141
141 602
195 199
199 529
306 602
306 667
340 667
529 667
52 282
52 586
52 622
69 451
69 622
69 697
89 697
282 613
3 110
3 114
71 396
110 171
171 397
364 644
396 644
397 644
